[Connect DataFile][1.1]
Date:;04/06/2025
Time:;14:48:53,583
Unit:;°C
Resolution:;0,05
Values:;5
Time;Head;1;2;3;4;
00:00:00,000;440,1;445,5;470,1;472,5;489,9;
00:00:00,050;456,5;463,7;465,8;475,3;478,6;
00:00:00,100;433,0;476,9;485,4;474,1;431,3;
00:00:00,150;154,3;440,8;358,3;282,2;157,4;
00:00:00,200;135,2;156,5;144,6;140,9;138,7;
00:00:00,250;133,9;141,2;139,8;139,0;136,7;
00:00:00,300;132,7;139,0;138,1;136,9;136,7;
00:00:00,350;131,8;137,5;138,5;136,7;135,4;
00:00:00,400;131,0;138,0;137,2;135,9;135,9;
00:00:00,450;131,5;138,2;137,5;137,7;136,2;
00:00:00,500;132,3;139,5;139,1;139,3;137,2;
00:00:00,550;133,1;140,7;140,7;140,9;138,2;
00:00:00,600;134,2;142,1;142,2;141,8;139,9;
00:00:00,650;135,2;143,4;143,7;142,7;141,5;
00:00:00,700;140,5;426,2;405,2;335,9;161,5;
00:00:00,750;288,9;458,3;453,3;416,4;320,9;
00:00:00,800;437,3;490,3;501,3;496,8;480,3;
00:00:00,850;474,8;482,2;480,3;486,7;504,9;
00:00:00,900;471,1;474,2;481,9;492,5;509,5;
00:00:00,950;467,3;466,2;483,4;498,3;514,1;
00:00:01,000;442,9;466,1;483,6;482,5;493,1;
00:00:01,050;367,2;465,1;477,2;483,1;491,5;
00:00:01,100;291,4;464,0;470,8;483,6;489,8;
00:00:01,150;289,1;464,0;469,0;480,4;479,0;
00:00:01,200;299,7;456,5;462,6;473,4;471,9;
00:00:01,250;196,3;442,8;450,3;472,1;474,6;
00:00:01,300;307,5;441,4;449,0;468,3;469,6;
00:00:01,350;315,6;448,8;476,5;481,3;510,8;
00:00:01,400;234,2;458,0;483,0;484,3;508,3;
00:00:01,450;288,6;452,5;482,1;480,9;505,0;
00:00:01,500;210,4;447,9;448,8;465,8;474,0;
00:00:01,550;310,0;464,9;489,0;500,2;523,8;
00:00:01,600;180,7;461,3;472,2;483,1;511,1;
00:00:01,650;213,8;453,1;462,4;477,8;489,5;
00:00:01,700;315,2;462,6;480,4;492,0;522,9;
00:00:01,750;313,3;465,7;483,7;488,6;518,5;
00:00:01,800;265,7;447,1;456,8;474,6;474,0;
00:00:01,850;299,0;455,8;476,2;478,1;502,3;
00:00:01,900;310,5;449,5;471,6;473,5;497,7;
00:00:01,950;309,7;450,6;477,6;481,0;507,5;
00:00:02,000;179,6;451,6;472,6;474,7;500,1;
00:00:02,050;261,8;452,3;479,4;478,9;501,8;
00:00:02,100;309,7;444,2;469,6;476,9;504,8;
00:00:02,150;309,7;444,2;469,6;476,9;504,8;
00:00:02,200;214,1;468,7;478,0;486,6;511,4;
00:00:02,250;268,1;468,4;480,3;489,4;516,4;
00:00:02,300;311,5;460,8;477,9;489,6;520,1;
00:00:02,350;286,8;459,2;464,9;480,2;480,5;
00:00:02,400;171,1;462,8;469,9;470,8;499,3;
00:00:02,450;280,8;456,3;475,5;475,7;500,1;
00:00:02,500;294,1;451,3;477,0;479,7;505,0;
00:00:02,550;307,3;446,3;478,5;483,6;509,8;
00:00:02,600;220,4;460,4;483,9;481,9;504,8;
00:00:02,650;264,4;450,3;473,7;477,4;503,0;
00:00:02,700;308,4;440,2;463,5;472,8;501,1;
00:00:02,750;311,1;451,5;476,1;486,8;512,3;
00:00:02,800;315,2;460,4;455,3;467,4;483,1;
00:00:02,850;294,7;467,1;480,3;488,7;515,4;
00:00:02,900;307,3;460,6;476,6;487,8;518,2;
00:00:02,950;308,8;460,8;478,5;485,2;515,8;
00:00:03,000;201,4;468,7;476,1;474,0;500,8;
00:00:03,050;241,0;457,7;473,8;472,9;498,3;
00:00:03,100;304,1;445,5;467,7;470,3;494,7;
00:00:03,150;306,5;440,4;469,2;475,3;503,2;
00:00:03,200;280,9;454,0;484,0;486,2;509,6;
00:00:03,250;230,2;446,8;472,9;472,8;496,4;
00:00:03,300;303,8;436,4;462,5;471,2;499,0;
00:00:03,350;270,7;454,9;458,8;476,5;483,3;
00:00:03,400;172,9;455,1;466,2;476,8;504,0;
00:00:03,450;272,1;465,0;476,6;485,3;511,0;
00:00:03,500;210,4;446,5;455,8;472,1;483,5;
00:00:03,550;304,6;458,9;477,1;482,3;511,8;
00:00:03,600;254,3;464,3;478,3;478,3;505,7;
00:00:03,650;270,3;440,0;449,3;468,5;469,0;
00:00:03,700;303,8;441,6;465,4;467,7;491,7;
00:00:03,750;303,8;441,6;465,4;467,7;491,7;
00:00:03,800;321,5;443,4;451,0;470,3;470,6;
00:00:03,850;303,8;441,6;465,4;467,7;491,7;
00:00:03,900;303,8;441,6;465,4;467,7;491,7;
00:00:03,950;303,8;441,6;465,4;467,7;491,7;
00:00:04,000;303,8;441,6;465,4;467,7;491,7;
00:00:04,050;303,8;441,6;465,4;467,7;491,7;
00:00:04,100;303,8;441,6;465,4;467,7;491,7;
00:00:04,150;303,8;441,6;465,4;467,7;491,7;
00:00:04,200;303,8;441,6;465,4;467,7;491,7;
00:00:04,250;303,8;441,6;465,4;467,7;491,7;
00:00:04,300;303,8;441,6;465,4;467,7;491,7;
00:00:04,350;303,8;441,6;465,4;467,7;491,7;
00:00:04,400;303,8;441,6;465,4;467,7;491,7;
00:00:04,450;303,8;441,6;465,4;467,7;491,7;
00:00:04,500;303,8;441,6;465,4;467,7;491,7;
00:00:04,550;303,8;441,6;465,4;467,7;491,7;
00:00:04,600;303,8;441,6;465,4;467,7;491,7;
00:00:04,650;303,8;441,6;465,4;467,7;491,7;
00:00:04,700;303,8;441,6;465,4;467,7;491,7;
00:00:04,750;303,8;441,6;465,4;467,7;491,7;
00:00:04,800;303,8;441,6;465,4;467,7;491,7;
00:00:04,850;303,8;441,6;465,4;467,7;491,7;
00:00:04,900;298,7;443,6;467,1;470,3;492,8;
00:00:04,950;304,8;437,9;464,7;469,2;494,1;
00:00:05,000;278,8;451,5;482,1;483,9;506,1;
00:00:05,050;173,0;443,4;466,6;466,8;489,5;
00:00:05,100;292,9;436,8;466,0;470,3;495,1;
00:00:05,150;306,6;441,4;463,9;474,5;500,7;
00:00:05,200;297,4;453,8;480,3;491,3;513,0;
00:00:05,250;225,3;455,9;468,2;478,6;503,8;
00:00:05,300;300,9;456,5;472,1;484,5;511,8;
00:00:05,350;275,5;458,6;473,3;479,5;506,3;
00:00:05,400;250,1;460,7;474,5;474,5;500,7;
00:00:05,450;181,2;454,7;465,6;467,1;491,5;
00:00:05,500;241,8;444,3;463,2;466,4;491,8;
00:00:05,550;302,3;433,9;460,7;465,7;492,1;
00:00:05,600;297,0;444,6;477,4;481,6;504,4;
00:00:05,650;297,2;437,8;469,5;474,9;499,2;
00:00:05,700;297,4;430,9;461,6;468,1;493,9;
00:00:05,750;303,1;434,3;457,6;467,4;495,0;
00:00:05,800;265,7;446,5;463,5;473,4;499,1;
00:00:05,850;228,2;458,6;469,3;479,4;503,1;
00:00:05,900;295,4;456,7;471,2;482,8;509,6;
00:00:05,950;302,0;450,4;468,7;480,1;509,6;
00:00:06,000;287,1;457,6;473,1;475,3;502,0;
00:00:06,050;170,5;451,3;458,8;461,6;488,1;
00:00:06,100;286,0;440,9;463,1;466,4;488,7;
00:00:06,150;302,2;432,7;456,9;460,5;485,6;
00:00:06,200;298,4;435,6;469,9;475,5;499,5;
00:00:06,250;209,4;443,4;470,7;470,2;490,3;
00:00:06,300;291,5;432,7;465,8;468,8;491,7;
00:00:06,350;277,7;443,4;470,9;477,2;499,1;
00:00:06,400;263,8;454,1;476,0;485,6;506,5;
00:00:06,450;180,7;454,9;463,7;473,2;497,2;
00:00:06,500;241,4;451,0;464,9;475,9;503,2;
00:00:06,550;302,0;447,1;466,1;478,6;509,2;
00:00:06,600;295,4;452,8;470,2;475,2;501,1;
00:00:06,650;293,5;444,4;465,2;470,0;493,6;
00:00:06,700;291,5;436,0;460,1;464,7;486,1;
00:00:06,750;298,0;431,7;455,2;458,4;481,3;
00:00:06,800;280,8;436,6;468,3;473,2;496,5;
00:00:06,850;173,8;436,6;461,1;462,2;484,0;
00:00:06,900;281,8;434,4;466,7;466,8;489,5;
00:00:06,950;297,7;429,7;455,6;465,7;491,1;
00:00:07,000;298,5;446,7;473,7;485,7;506,6;
00:00:07,050;232,7;446,2;457,0;469,5;493,9;
00:00:07,100;181,3;454,1;466,9;478,9;503,2;
00:00:07,150;332,4;448,2;465,2;480,1;506,1;
00:00:07,200;369,7;448,9;466,2;481,8;505,9;
00:00:07,250;349,0;463,2;470,0;485,4;491,8;
00:00:07,300;322,3;463,7;459,1;486,6;475,9;
00:00:07,350;391,5;472,7;466,0;464,6;333,2;
00:00:07,400;460,7;481,6;472,8;442,5;190,5;
00:00:07,450;454,9;470,8;444,8;198,8;144,4;
00:00:07,500;299,1;306,5;292,3;168,9;140,8;
00:00:07,550;143,2;142,2;139,8;139,0;137,2;
00:00:07,600;137,7;139,0;137,7;136,7;133,9;
00:00:07,650;136,8;137,7;136,8;135,3;132,6;
00:00:07,700;135,9;136,4;135,9;133,9;131,3;
00:00:07,750;134,6;135,9;135,9;133,9;132,3;
00:00:07,800;135,2;137,3;135,4;136,3;135,8;
00:00:07,850;134,1;137,5;136,7;138,2;138,0;
00:00:07,900;135,7;140,0;139,3;140,0;138,2;
00:00:07,950;137,2;143,4;141,7;139,3;137,7;
00:00:08,000;158,5;317,3;153,7;144,6;139,5;
00:00:08,050;443,4;481,3;444,9;286,8;144,6;
00:00:08,100;443,4;481,3;444,9;286,8;144,6;
00:00:08,150;468,7;478,9;493,9;509,2;497,1;
00:00:08,200;397,1;473,9;490,3;501,5;507,7;
00:00:08,250;325,4;468,8;486,6;493,8;518,3;
00:00:08,300;417,7;458,6;480,4;491,3;519,8;
00:00:08,350;417,7;458,6;480,4;491,3;519,8;
00:00:08,400;324,9;476,8;490,0;497,0;518,9;
00:00:08,450;320,0;465,9;480,2;485,9;508,5;
00:00:08,500;320,6;456,0;474,1;482,4;505,7;
00:00:08,550;321,1;446,1;468,0;478,8;502,8;
00:00:08,600;321,1;446,1;468,0;478,8;502,8;
00:00:08,650;303,1;440,5;454,4;483,8;486,3;
00:00:08,700;312,0;450,1;481,6;487,9;508,5;
00:00:08,750;318,6;444,0;472,6;480,7;501,6;
00:00:08,800;318,4;464,5;491,6;496,8;515,6;
00:00:08,850;318,4;464,5;491,6;496,8;515,6;
00:00:08,900;230,3;468,4;489,6;492,6;514,7;
00:00:08,950;312,8;457,0;480,1;490,8;517,1;
00:00:09,000;314,9;466,9;486,7;497,0;523,3;
00:00:09,050;233,7;474,4;487,2;492,8;515,3;
00:00:09,100;233,7;474,4;487,2;492,8;515,3;
00:00:09,150;316,4;449,1;469,8;480,7;503,2;
00:00:09,200;277,7;453,1;448,4;474,2;483,2;
00:00:09,250;175,1;453,7;477,0;480,5;501,9;
00:00:09,300;296,8;455,1;484,8;488,4;507,3;
00:00:09,350;296,8;455,1;484,8;488,4;507,3;
00:00:09,400;315,8;462,2;491,1;496,5;514,9;
00:00:09,450;269,5;474,4;489,1;488,7;507,5;
00:00:09,500;291,8;463,9;483,4;488,5;511,2;
00:00:09,550;314,0;453,4;477,6;488,3;514,9;
00:00:09,600;314,7;456,7;479,4;492,3;521,2;
00:00:09,650;297,8;457,9;479,7;490,4;515,5;
00:00:09,700;280,9;459,1;480,0;488,4;509,7;
00:00:09,750;311,1;452,1;475,6;485,2;507,2;
00:00:09,800;314,9;440,7;470,4;480,6;502,2;
00:00:09,850;210,3;452,8;473,8;479,4;500,2;
00:00:09,900;237,1;453,1;481,3;483,1;502,1;
00:00:09,950;312,0;441,7;472,3;479,8;501,1;
00:00:10,000;316,9;452,2;481,9;488,3;507,6;
00:00:10,050;311,2;466,7;491,3;494,4;512,7;
00:00:10,100;215,0;463,0;479,0;483,1;505,8;
00:00:10,150;304,8;455,5;479,3;487,8;511,2;
00:00:10,200;267,1;462,8;481,4;488,7;510,8;
00:00:10,250;229,3;470,1;483,4;489,5;510,4;
00:00:10,300;202,9;458,5;475,8;482,4;503,8;
00:00:10,350;214,1;437,2;443,3;469,0;481,6;
00:00:10,400;313,7;436,0;464,1;475,3;499,3;
00:00:10,450;298,3;448,5;484,1;487,2;504,6;
00:00:10,500;227,3;441,5;452,8;476,9;476,2;
00:00:10,550;309,9;436,4;466,8;476,0;499,9;
00:00:10,600;315,1;441,8;471,4;478,7;498,1;
00:00:10,650;242,6;452,8;474,9;480,0;500,7;
00:00:10,700;170,0;463,8;478,3;481,3;503,3;
00:00:10,750;286,8;457,4;481,6;487,5;509,4;
00:00:10,800;310,0;450,6;473,2;486,1;512,7;
00:00:10,850;300,6;465,1;482,5;491,5;514,0;
00:00:10,900;175,3;455,9;467,3;478,6;501,8;
00:00:10,950;290,9;451,1;473,3;483,0;503,7;
00:00:11,000;310,7;437,6;460,2;470,4;493,7;
00:00:11,050;309,1;434,2;471,3;480,6;501,3;
00:00:11,100;218,8;448,5;474,4;477,7;496,9;
00:00:11,150;302,9;441,4;474,4;479,9;500,2;
00:00:11,200;306,9;457,5;461,5;483,2;485,8;
00:00:11,250;306,6;461,4;486,8;490,4;508,9;
00:00:11,300;201,4;458,6;469,7;474,1;497,4;
00:00:11,350;255,7;452,6;469,7;478,2;503,3;
00:00:11,400;310,0;446,6;469,6;482,2;509,2;
00:00:11,450;306,8;455,9;477,5;488,8;513,9;
00:00:11,500;244,0;441,3;449,5;471,1;478,6;
00:00:11,550;296,1;449,9;472,1;481,9;503,0;
00:00:11,600;306,6;440,4;463,8;473,5;494,4;
00:00:11,650;239,1;441,3;465,1;472,4;493,3;
00:00:11,700;171,5;442,1;466,3;471,3;492,1;
00:00:11,750;283,0;445,3;477,4;479,7;497,8;
00:00:11,800;307,8;434,0;464,8;472,8;493,9;
00:00:11,850;307,3;451,7;481,3;487,9;504,5;
00:00:11,900;281,8;464,5;483,5;483,5;500,9;
00:00:11,950;227,1;456,8;476,3;480,5;501,5;
00:00:12,000;304,4;446,5;469,2;481,1;505,5;
00:00:12,050;307,4;446,4;469,3;483,4;510,4;
00:00:12,100;240,8;456,3;471,7;482,0;505,0;
00:00:12,150;266,1;450,3;471,7;479,8;500,0;
00:00:12,200;285,6;439,5;468,7;478,0;498,1;
00:00:12,250;305,1;428,7;465,6;476,2;496,2;
00:00:12,300;222,5;445,7;470,5;474,2;491,9;
00:00:12,350;264,4;437,7;465,0;471,1;490,5;
00:00:12,400;306,2;429,6;459,4;467,9;489,1;
00:00:12,450;307,1;440,7;472,0;479,2;497,0;
00:00:12,500;258,7;448,7;474,7;480,3;499,4;
00:00:12,550;210,3;456,6;477,4;481,3;501,8;
00:00:12,600;295,0;448,3;472,3;481,3;503,0;
00:00:12,650;303,7;446,5;468,5;482,0;507,4;
00:00:12,700;243,8;461,4;477,9;485,2;504,6;
00:00:12,750;181,0;450,5;466,9;473,9;494,7;
00:00:12,800;296,0;441,0;464,5;475,0;494,5;
00:00:12,850;306,4;427,2;455,4;466,2;489,8;
00:00:12,900;296,2;437,0;475,3;478,7;495,5;
00:00:12,950;224,6;438,9;468,0;471,3;490,8;
00:00:13,000;301,8;427,3;460,6;468,5;490,8;
00:00:13,050;305,4;430,9;461,6;468,8;487,7;
00:00:13,100;293,8;453,0;478,4;482,2;498,5;
00:00:13,150;165,8;455,4;469,9;472,4;493,9;
00:00:13,200;234,5;448,8;467,0;475,7;500,4;
00:00:13,250;303,1;442,1;464,0;478,9;506,8;
00:00:13,300;297,5;455,8;474,7;483,8;506,7;
00:00:13,350;297,4;447,9;469,4;479,2;500,7;
00:00:13,400;297,2;439,9;464,0;474,5;494,6;
00:00:13,450;302,9;429,5;452,7;463,4;486,2;
00:00:13,500;250,2;434,3;460,8;466,6;487,0;
00:00:13,550;197,5;439,1;468,8;469,7;487,7;
00:00:13,600;293,3;433,8;468,2;472,5;490,8;
00:00:13,650;303,9;430,4;461,9;468,5;488,2;
00:00:13,700;300,5;451,4;478,4;484,2;500,6;
00:00:13,750;207,1;452,7;462,8;467,7;488,2;
00:00:13,800;246,0;447,7;470,6;477,2;498,0;
00:00:13,850;301,6;438,6;460,9;474,5;500,5;
00:00:13,900;298,8;445,0;467,2;480,4;505,7;
00:00:13,950;215,0;451,9;467,7;475,9;495,8;
00:00:14,000;284,9;441,0;465,0;475,0;494,0;
00:00:14,050;288,2;436,7;467,2;475,1;492,2;
00:00:14,100;291,4;432,4;469,4;475,1;490,3;
00:00:14,150;170,9;430,9;458,2;463,9;484,0;
00:00:14,200;236,4;428,5;457,5;464,0;483,6;
00:00:14,250;301,9;426,1;456,8;464,1;483,2;
00:00:14,300;299,8;441,2;472,6;479,3;495,4;
00:00:14,350;285,2;443,6;471,8;478,4;496,4;
00:00:14,400;270,5;446,0;470,9;477,4;497,3;
00:00:14,450;294,7;437,9;462,0;474,2;497,2;
00:00:14,500;286,8;446,0;462,6;472,9;494,4;
00:00:14,550;278,8;454,0;463,2;471,5;491,5;
00:00:14,600;174,9;442,9;463,2;470,8;491,2;
00:00:14,650;242,6;437,1;462,1;469,9;489,5;
00:00:14,700;371,4;429,9;453,6;462,7;482,3;
00:00:14,750;410,3;438,0;465,5;476,7;482,0;
00:00:14,800;260,8;465,6;468,7;485,8;472,3;
00:00:14,850;419,1;466,8;478,7;478,5;437,3;
00:00:14,900;439,1;472,9;486,1;459,3;221,3;
00:00:14,950;456,7;471,5;401,2;219,6;141,3;
00:00:15,000;242,5;256,4;152,5;139,2;135,7;
00:00:15,050;188,2;196,7;144,2;136,0;133,1;
00:00:15,100;133,9;136,9;135,9;132,8;130,5;
00:00:15,150;133,1;135,2;135,2;133,9;129,7;
00:00:15,200;132,2;134,4;133,9;132,5;129,5;
00:00:15,250;131,3;133,6;132,6;131,0;129,2;
00:00:15,300;131,3;133,3;133,1;133,1;131,0;
00:00:15,350;131,6;135,8;135,0;135,2;133,0;
00:00:15,400;131,8;138,2;136,9;137,2;134,9;
00:00:15,450;132,8;140,6;139,7;138,7;134,9;
00:00:15,500;269,2;314,1;312,1;295,2;155,1;
00:00:15,550;405,6;487,5;484,4;451,6;175,3;
00:00:15,600;476,2;505,4;492,9;486,8;448,6;
00:00:15,650;465,4;481,0;500,8;500,2;485,9;
00:00:15,700;442,4;459,3;474,4;503,3;490,1;
00:00:15,750;272,7;465,1;473,2;494,0;498,1;
00:00:15,800;411,9;470,2;482,5;492,2;514,5;
00:00:15,850;426,5;466,9;483,1;490,1;515,9;
00:00:15,900;426,5;466,9;483,1;490,1;515,9;
00:00:15,950;426,5;466,9;483,1;490,1;515,9;
00:00:16,000;426,5;466,9;483,1;490,1;515,9;
00:00:16,050;426,5;466,9;483,1;490,1;515,9;
00:00:16,100;426,5;466,9;483,1;490,1;515,9;
00:00:16,150;426,5;466,9;483,1;490,1;515,9;
00:00:16,200;426,5;466,9;483,1;490,1;515,9;
00:00:16,250;426,5;466,9;483,1;490,1;515,9;
00:00:16,300;426,5;466,9;483,1;490,1;515,9;
00:00:16,350;426,5;466,9;483,1;490,1;515,9;
00:00:16,400;426,5;466,9;483,1;490,1;515,9;
00:00:16,450;426,5;466,9;483,1;490,1;515,9;
00:00:16,500;459,9;468,1;467,3;478,0;496,2;
00:00:16,550;426,5;466,9;483,1;490,1;515,9;
00:00:16,600;426,5;466,9;483,1;490,1;515,9;
00:00:16,650;426,5;466,9;483,1;490,1;515,9;
00:00:16,700;426,5;466,9;483,1;490,1;515,9;
00:00:16,750;426,5;466,9;483,1;490,1;515,9;
00:00:16,800;426,5;466,9;483,1;490,1;515,9;
00:00:16,850;426,5;466,9;483,1;490,1;515,9;
00:00:16,900;426,5;466,9;483,1;490,1;515,9;
00:00:16,950;426,5;466,9;483,1;490,1;515,9;
00:00:17,000;310,0;453,9;463,8;481,0;510,6;
00:00:17,050;312,7;461,2;473,9;483,5;492,8;
00:00:17,100;197,5;458,9;473,2;473,6;501,8;
00:00:17,150;297,7;451,7;475,1;472,9;500,7;
00:00:17,200;297,7;451,7;475,1;472,9;500,7;
00:00:17,250;285,7;461,5;488,4;484,8;508,6;
00:00:17,300;170,7;460,8;474,4;467,5;495,7;
00:00:17,350;240,3;461,8;475,7;477,3;507,7;
00:00:17,400;309,9;462,7;476,9;487,0;519,6;
00:00:17,450;309,9;462,7;476,9;487,0;519,6;
00:00:17,500;297,2;463,5;473,0;490,3;518,0;
00:00:17,550;288,8;458,8;468,0;486,9;511,8;
00:00:17,600;306,4;453,9;463,3;480,6;508,0;
00:00:17,650;281,1;454,4;475,2;488,4;515,8;
00:00:17,700;281,1;454,4;475,2;488,4;515,8;
00:00:17,750;280,6;455,7;475,1;473,3;500,8;
00:00:17,800;304,9;442,8;467,6;468,4;494,6;
00:00:17,850;301,2;455,2;484,6;483,4;506,5;
00:00:17,900;204,7;463,3;479,7;472,1;495,5;
00:00:17,950;204,7;463,3;479,7;472,1;495,5;
00:00:18,000;307,3;457,7;474,6;483,4;515,9;
00:00:18,050;240,6;458,6;467,7;480,4;510,9;
00:00:18,100;173,9;459,5;460,8;477,3;505,8;
00:00:18,150;264,5;458,2;467,8;487,0;510,9;
00:00:18,200;264,5;458,2;467,8;487,0;510,9;
00:00:18,250;296,5;451,7;476,7;489,8;515,6;
00:00:18,300;182,5;459,3;474,7;478,2;503,4;
00:00:18,350;243,4;448,9;468,4;470,9;497,0;
00:00:18,400;304,3;438,5;462,0;463,5;490,6;
00:00:18,450;304,3;438,5;462,0;463,5;490,6;
00:00:18,500;289,2;453,0;479,3;478,0;503,4;
00:00:18,550;276,0;458,2;480,9;477,7;505,6;
00:00:18,600;300,3;454,2;474,1;479,3;512,2;
00:00:18,650;302,3;462,2;474,6;488,3;518,6;
00:00:18,700;302,3;462,2;474,6;488,3;518,6;
00:00:18,750;210,0;457,4;465,0;483,1;507,3;
00:00:18,800;296,9;450,7;460,8;478,7;504,7;
00:00:18,850;300,5;444,6;468,7;484,5;511,4;
00:00:18,900;226,1;455,9;478,2;487,0;511,4;
00:00:18,950;226,1;455,9;478,2;487,0;511,4;
00:00:19,000;298,5;437,4;460,6;461,6;488,8;
00:00:19,050;240,1;447,3;464,4;462,0;488,2;
00:00:19,100;181,6;457,2;468,1;462,3;487,5;
00:00:19,150;224,2;456,9;477,7;473,8;499,4;
00:00:19,200;261,7;458,4;474,6;480,0;508,1;
00:00:19,250;299,2;459,8;471,4;486,1;516,7;
00:00:19,300;281,2;467,2;474,9;491,2;518,2;
00:00:19,350;289,5;458,0;466,9;484,0;510,2;
00:00:19,400;297,8;448,7;458,8;476,8;502,1;
00:00:19,450;299,7;442,2;458,2;476,1;504,3;
00:00:19,500;223,0;450,9;468,5;477,2;503,2;
00:00:19,550;256,4;449,1;467,8;467,7;494,0;
00:00:19,600;293,1;437,9;462,1;462,8;489,4;
00:00:19,650;298,4;439,5;467,4;468,1;492,1;
00:00:19,700;230,9;456,0;479,2;475,0;495,5;
00:00:19,750;165,4;455,9;471,5;466,0;492,7;
00:00:19,800;289,7;451,1;472,1;474,7;505,4;
00:00:19,850;298,8;455,0;467,9;481,3;512,5;
00:00:19,900;294,7;461,6;472,1;488,8;517,4;
00:00:19,950;208,1;455,2;459,4;476,6;501,8;
00:00:20,000;290,3;448,4;458,4;476,9;500,2;
00:00:20,050;249,6;450,6;466,3;479,1;502,2;
00:00:20,100;208,8;452,8;474,2;481,2;504,1;
00:00:20,150;188,2;447,6;462,4;463,8;490,1;
00:00:20,200;242,7;442,2;464,6;466,2;490,9;
00:00:20,250;297,2;436,8;466,7;468,5;491,7;
00:00:20,300;276,0;450,6;477,5;477,1;498,2;
00:00:20,350;283,4;449,2;473,1;474,6;501,1;
00:00:20,400;290,8;447,8;468,7;472,0;504,0;
00:00:20,450;297,8;450,5;465,9;476,8;508,6;
00:00:20,500;272,9;459,4;468,4;483,9;510,6;
00:00:20,550;174,4;452,2;456,1;472,4;497,6;
00:00:20,600;277,4;447,7;458,1;477,3;500,2;
00:00:20,650;295,0;440,0;455,3;473,0;499,6;
00:00:20,700;256,2;447,6;471,6;482,1;505,8;
00:00:20,750;158,5;442,3;453,4;460,0;487,6;
00:00:20,800;279,0;438,2;460,3;460,3;486,1;
00:00:20,850;296,8;430,6;456,9;459,4;484,9;
00:00:20,900;238,9;441,1;463,2;462,2;487,9;
00:00:20,950;180,9;451,6;469,4;464,9;490,8;
00:00:21,000;283,1;446,8;469,9;470,1;499,4;
00:00:21,050;285,6;452,5;469,5;477,7;506,3;
00:00:21,100;288,0;458,1;469,1;485,3;513,2;
00:00:21,150;172,1;448,1;449,9;467,8;494,6;
00:00:21,200;233,1;442,3;449,8;467,6;494,7;
00:00:21,250;294,1;436,4;449,6;467,4;494,8;
00:00:21,300;288,3;439,4;465,9;480,2;504,3;
00:00:21,350;287,4;437,3;462,2;469,5;494,5;
00:00:21,400;286,5;435,1;458,5;458,8;484,6;
00:00:21,450;293,1;426,5;450,6;452,9;479,1;
00:00:21,500;273,8;441,4;470,5;470,0;491,1;
00:00:21,550;157,8;448,1;461,6;456,7;482,3;
00:00:21,600;264,1;446,5;470,4;468,1;494,8;
00:00:21,650;291,8;445,4;462,8;472,1;503,1;
00:00:21,700;289,7;452,9;464,2;481,0;509,3;
00:00:21,750;214,9;459,0;458,9;473,8;498,2;
00:00:21,800;241,0;444,3;453,2;472,3;495,0;
00:00:21,850;292,6;436,5;447,0;465,7;491,6;
00:00:21,900;222,3;437,5;449,0;460,7;487,1;
00:00:21,950;152,0;438,5;451,0;455,6;482,6;
00:00:22,000;263,7;438,9;460,2;459,1;484,3;
00:00:22,050;286,4;438,6;464,9;464,4;488,6;
00:00:22,100;309,1;438,3;469,6;469,7;492,8;
00:00:22,150;326,1;450,5;472,5;467,9;490,8;
00:00:22,200;200,7;432,7;436,8;460,2;464,8;
00:00:22,250;357,1;467,6;465,4;489,7;490,7;
00:00:22,300;182,2;463,3;469,3;503,4;488,8;
00:00:22,350;323,9;482,7;481,0;488,2;386,5;
00:00:22,400;465,5;502,1;492,6;472,9;284,1;
00:00:22,450;466,4;485,0;466,6;309,4;154,1;
00:00:22,500;346,3;332,1;219,0;150,3;144,2;
00:00:22,550;144,8;145,5;142,7;141,9;140,0;
00:00:22,600;140,0;141,1;139,5;138,2;137,7;
00:00:22,650;137,5;139,6;137,1;136,6;133,6;
00:00:22,700;136,4;138,4;136,9;135,4;131,8;
00:00:22,750;136,4;138,2;137,1;134,4;132,6;
00:00:22,800;135,7;139,2;137,9;137,9;136,4;
00:00:22,850;137,1;141,4;139,5;141,4;139,2;
00:00:22,900;140,0;146,2;142,8;142,9;140,7;
00:00:22,950;142,9;150,9;146,1;144,4;142,2;
00:00:23,000;152,7;390,7;191,8;149,8;144,4;
00:00:23,050;309,4;438,5;344,2;323,0;308,4;
00:00:23,100;466,0;486,3;496,6;496,1;472,3;
00:00:23,150;472,3;480,6;496,1;498,2;498,8;
00:00:23,200;384,2;474,1;487,6;487,5;496,9;
00:00:23,250;296,1;467,5;479,1;476,7;495,0;
00:00:23,300;389,1;453,3;483,8;480,5;500,9;
00:00:23,350;286,3;450,5;476,4;477,8;501,6;
00:00:23,400;183,4;447,7;469,0;475,0;502,2;
00:00:23,450;165,2;464,0;484,1;492,6;513,7;
00:00:23,500;265,3;460,5;472,2;488,0;507,3;
00:00:23,550;304,1;463,1;476,7;497,3;513,1;
00:00:23,600;308,9;461,8;468,5;489,3;508,0;
00:00:23,650;308,0;466,6;476,0;492,8;511,6;
00:00:23,700;203,9;472,4;469,9;477,5;501,3;
00:00:23,750;212,4;467,2;476,0;478,6;502,4;
00:00:23,800;304,0;456,1;475,7;478,4;503,1;
00:00:23,850;305,8;449,9;480,2;481,0;507,8;
00:00:23,900;295,4;447,8;479,8;478,5;505,0;
00:00:23,950;285,0;445,6;479,3;476,0;502,2;
00:00:24,000;301,7;437,3;462,1;465,7;494,3;
00:00:24,050;233,3;447,9;465,3;474,0;497,8;
00:00:24,100;164,8;458,5;468,5;482,3;501,3;
00:00:24,150;283,7;461,9;476,9;495,2;510,5;
00:00:24,200;293,7;462,9;476,0;493,4;510,5;
00:00:24,250;303,6;463,8;475,0;491,6;510,4;
00:00:24,300;255,6;473,9;480,0;488,8;507,7;
00:00:24,350;280,0;463,3;477,3;483,1;504,5;
00:00:24,400;304,4;452,6;474,5;477,3;501,2;
00:00:24,450;304,7;446,4;471,6;474,5;500,8;
00:00:24,500;235,5;453,9;481,4;478,0;501,8;
00:00:24,550;243,4;448,4;480,5;476,3;499,6;
00:00:24,600;296,6;435,7;466,2;468,9;496,7;
00:00:24,650;300,9;445,7;468,5;476,3;499,6;
00:00:24,700;188,6;455,0;464,5;477,6;497,5;
00:00:24,750;233,2;459,0;473,0;490,7;505,0;
00:00:24,800;301,2;457,8;467,8;488,9;505,9;
00:00:24,850;304,8;458,9;468,4;488,5;506,9;
00:00:24,900;232,3;454,8;458,5;463,1;466,8;
00:00:24,950;236,6;462,6;471,7;474,7;499,2;
00:00:25,000;295,6;455,8;474,2;476,2;500,3;
00:00:25,050;256,4;457,4;479,9;477,4;500,1;
00:00:25,100;217,2;459,0;485,6;478,5;499,9;
00:00:25,150;160,7;450,0;477,2;473,0;496,3;
00:00:25,200;331,4;438,9;439,4;455,9;459,3;
00:00:25,250;300,9;442,8;467,5;475,9;499,4;
00:00:25,300;252,0;457,8;476,6;485,6;501,2;
00:00:25,350;229,3;456,0;469,4;486,1;501,5;
00:00:25,400;299,1;454,4;463,6;485,7;503,0;
00:00:25,450;304,0;456,3;463,5;483,7;501,7;
00:00:25,500;266,7;464,8;473,8;485,7;504,1;
00:00:25,550;171,3;460,5;463,8;468,5;492,5;
00:00:25,600;283,7;457,7;472,3;474,7;498,4;
00:00:25,650;300,5;444,4;468,8;472,4;496,6;
00:00:25,700;289,0;452,9;484,2;481,0;502,7;
00:00:25,750;160,9;449,0;470,9;466,7;491,3;
00:00:25,800;273,2;437,0;468,7;468,2;493,0;
00:00:25,850;299,8;434,3;456,6;463,7;490,1;
00:00:25,900;272,4;444,0;463,3;475,7;496,1;
00:00:25,950;245,0;453,6;469,9;487,6;502,1;
00:00:26,000;294,9;452,9;466,1;487,3;503,3;
00:00:26,050;292,1;458,3;470,5;486,8;504,2;
00:00:26,100;289,3;463,7;474,8;486,2;505,1;
00:00:26,150;169,8;455,6;458,5;467,5;491,5;
00:00:26,200;234,9;448,2;461,2;467,9;491,4;
00:00:26,250;299,9;440,8;463,8;468,2;491,3;
00:00:26,300;296,1;442,5;475,6;476,0;500,1;
00:00:26,350;185,4;449,5;476,6;470,8;492,8;
00:00:26,400;285,0;432,8;467,6;467,2;492,1;
00:00:26,450;295,9;428,5;452,8;457,2;484,5;
00:00:26,500;265,3;446,2;468,1;476,8;495,4;
00:00:26,550;176,2;451,0;463,3;478,6;493,9;
00:00:26,600;284,1;452,3;468,4;488,1;502,2;
00:00:26,650;297,9;451,2;459,2;481,0;498,2;
00:00:26,700;294,5;456,9;469,3;485,3;502,3;
00:00:26,750;230,8;450,9;449,0;453,9;463,9;
00:00:26,800;282,6;451,8;467,9;471,4;494,5;
00:00:26,850;297,8;442,0;465,0;469,2;491,1;
00:00:26,900;227,2;443,5;466,2;466,3;488,8;
00:00:26,950;156,5;444,9;467,4;463,3;486,4;
00:00:27,000;258,9;438,2;471,6;468,4;491,0;
00:00:27,050;268,3;442,9;471,8;474,9;494,9;
00:00:27,100;277,6;447,6;472,0;481,3;498,8;
00:00:27,150;169,0;442,5;454,7;470,3;487,8;
00:00:27,200;233,3;445,7;455,4;474,4;491,7;
00:00:27,250;297,6;448,8;456,1;478,5;495,6;
00:00:27,300;295,8;451,6;462,4;482,1;499,4;
00:00:27,350;222,5;455,8;462,9;473,3;494,3;
00:00:27,400;256,2;452,6;464,7;468,4;491,1;
00:00:27,450;290,2;444,2;464,7;469,0;491,5;
00:00:27,500;294,1;437,9;466,6;469,8;492,0;
00:00:27,550;185,1;450,0;472,7;467,3;487,7;
00:00:27,600;184,3;440,0;470,5;466,8;488,4;
00:00:27,650;287,6;425,8;455,3;458,4;484,0;
00:00:27,700;290,8;436,8;463,1;472,5;492,7;
00:00:27,750;290,8;436,8;463,1;472,5;492,7;
00:00:27,800;290,8;436,8;463,1;472,5;492,7;
00:00:27,850;290,8;436,8;463,1;472,5;492,7;
00:00:27,900;290,8;436,8;463,1;472,5;492,7;
00:00:27,950;290,8;436,8;463,1;472,5;492,7;
00:00:28,000;290,8;436,8;463,1;472,5;492,7;
00:00:28,050;290,8;436,8;463,1;472,5;492,7;
00:00:28,100;290,8;436,8;463,1;472,5;492,7;
00:00:28,150;290,8;436,8;463,1;472,5;492,7;
00:00:28,200;290,8;436,8;463,1;472,5;492,7;
00:00:28,250;290,8;436,8;463,1;472,5;492,7;
00:00:28,300;290,8;436,8;463,1;472,5;492,7;
00:00:28,350;290,8;436,8;463,1;472,5;492,7;
00:00:28,400;290,8;436,8;463,1;472,5;492,7;
00:00:28,450;290,8;436,8;463,1;472,5;492,7;
00:00:28,500;290,8;436,8;463,1;472,5;492,7;
00:00:28,550;290,8;436,8;463,1;472,5;492,7;
00:00:28,600;290,8;436,8;463,1;472,5;492,7;
00:00:28,650;290,8;436,8;463,1;472,5;492,7;
00:00:28,700;290,8;436,8;463,1;472,5;492,7;
00:00:28,750;290,8;436,8;463,1;472,5;492,7;
00:00:28,800;290,8;436,8;463,1;472,5;492,7;
00:00:28,850;290,8;436,8;463,1;472,5;492,7;
00:00:28,900;249,3;441,5;460,8;470,5;487,9;
00:00:28,950;207,7;446,2;458,4;468,5;483,1;
00:00:29,000;197,2;445,2;460,3;477,3;491,5;
00:00:29,050;245,4;445,9;457,6;476,6;491,9;
00:00:29,100;293,6;446,5;454,9;475,8;492,3;
00:00:29,150;288,7;452,2;465,5;480,9;496,0;
00:00:29,200;285,9;448,1;463,6;473,4;492,0;
00:00:29,250;283,1;443,9;461,7;465,8;488,0;
00:00:29,300;293,0;433,8;456,8;462,4;483,0;
00:00:29,350;262,7;438,4;468,8;469,0;489,7;
00:00:29,400;154,4;438,7;464,7;460,7;481,2;
00:00:29,450;269,5;429,3;465,0;462,7;484,7;
00:00:29,500;290,6;422,2;448,4;455,3;479,1;
00:00:29,550;296,5;441,8;466,2;476,9;490,4;
00:00:29,600;298,3;435,5;449,7;464,9;479,7;
00:00:29,650;176,8;444,3;463,1;481,1;488,0;
00:00:29,700;334,8;444,1;458,7;481,8;482,9;
00:00:29,750;321,6;455,0;470,6;486,1;483,4;
00:00:29,800;308,4;465,8;482,4;490,3;483,8;
00:00:29,850;436,1;474,5;485,7;475,8;467,3;
00:00:29,900;455,8;475,9;462,8;333,6;306,8;
00:00:29,950;475,5;477,3;439,8;191,3;146,3;
00:00:30,000;418,2;389,3;185,1;146,8;143,2;
00:00:30,050;279,6;265,7;162,8;142,4;139,7;
00:00:30,100;140,9;142,1;140,5;137,9;136,2;
00:00:30,150;139,4;140,6;140,5;137,6;135,2;
00:00:30,200;138,5;139,9;139,5;137,3;135,3;
00:00:30,250;137,6;139,2;138,4;136,9;135,4;
00:00:30,300;137,9;140,6;140,2;138,7;136,6;
00:00:30,350;139,2;142,7;141,9;140,6;140,3;
00:00:30,400;140,6;144,4;143,9;142,7;141,6;
00:00:30,450;141,1;147,6;145,5;144,6;141,6;
00:00:30,500;151,0;304,3;211,9;149,8;144,1;
00:00:30,550;398,0;498,5;483,5;401,6;155,5;
00:00:30,600;471,3;507,9;504,4;496,7;387,5;
00:00:30,650;478,0;488,7;496,8;502,6;492,3;
00:00:30,700;455,3;482,3;490,8;505,1;502,7;
00:00:30,750;332,1;474,6;490,0;500,7;503,7;
00:00:30,800;208,8;466,8;489,2;496,2;504,7;
00:00:30,850;375,4;469,0;491,7;501,1;507,2;
00:00:30,900;348,6;472,3;491,4;495,4;507,5;
00:00:30,950;321,7;475,5;491,1;489,7;507,8;
00:00:31,000;317,7;474,2;494,3;494,0;512,3;
00:00:31,050;308,1;477,6;497,3;491,6;507,0;
00:00:31,100;298,5;480,9;500,2;489,2;501,6;
00:00:31,150;178,1;470,2;482,1;473,9;486,3;
00:00:31,200;248,3;464,0;483,2;477,7;494,9;
00:00:31,250;318,4;457,8;484,3;481,5;503,4;
00:00:31,300;309,4;466,3;496,5;491,8;508,4;
00:00:31,350;237,0;461,2;484,6;487,8;503,4;
00:00:31,400;313,6;447,1;474,2;486,1;501,1;
00:00:31,450;318,4;456,4;477,6;487,5;498,6;
00:00:31,500;303,5;467,2;487,9;495,9;503,0;
00:00:31,550;172,0;466,1;476,1;480,8;499,5;
00:00:31,600;285,8;474,2;491,8;489,9;508,7;
00:00:31,650;314,9;470,1;490,8;490,4;513,4;
00:00:31,700;311,4;474,6;494,8;489,1;505,7;
00:00:31,750;308,5;466,9;491,6;487,5;500,7;
00:00:31,800;305,5;459,1;488,3;485,8;495,6;
00:00:31,850;316,0;453,9;480,8;477,9;492,6;
00:00:31,900;255,1;457,0;480,7;480,3;496,3;
00:00:31,950;194,2;460,1;480,5;482,6;500,0;
00:00:32,000;301,0;452,2;482,4;490,8;503,4;
00:00:32,050;305,8;458,7;485,1;493,9;504,0;
00:00:32,100;310,6;465,2;487,7;497,0;504,5;
00:00:32,150;310,6;465,2;487,7;497,0;504,5;
00:00:32,200;254,8;469,8;486,1;486,0;505,0;
00:00:32,250;313,5;468,9;488,0;488,8;511,9;
00:00:32,300;310,6;466,7;488,6;488,0;508,6;
00:00:32,350;240,4;470,3;486,2;478,4;490,6;
00:00:32,400;240,4;470,3;486,2;478,4;490,6;
00:00:32,450;309,9;452,9;481,3;480,5;491,9;
00:00:32,500;309,9;456,4;484,8;481,2;500,3;
00:00:32,550;195,0;461,6;478,0;478,4;495,6;
00:00:32,600;258,1;460,2;486,4;487,7;500,9;
00:00:32,650;258,1;460,2;486,4;487,7;500,9;
00:00:32,700;310,7;459,6;482,5;494,1;501,1;
00:00:32,750;288,2;464,4;483,9;489,6;502,5;
00:00:32,800;265,7;469,2;485,3;485,0;503,8;
00:00:32,850;308,9;466,8;487,0;487,4;508,1;
00:00:32,900;308,9;466,8;487,0;487,4;508,1;
00:00:32,950;239,4;474,0;491,3;479,5;488,3;
00:00:33,000;205,1;466,2;482,5;472,9;483,8;
00:00:33,050;256,5;458,1;482,3;476,3;491,4;
00:00:33,100;307,8;450,0;482,0;479,6;498,9;
00:00:33,150;307,8;450,0;482,0;479,6;498,9;
00:00:33,200;235,2;451,5;477,2;482,3;497,0;
00:00:33,250;309,5;440,2;465,4;477,8;490,1;
00:00:33,300;310,6;452,3;473,8;484,5;494,0;
00:00:33,350;278,6;460,7;478,9;486,0;495,7;
00:00:33,400;278,6;460,7;478,9;486,0;495,7;
00:00:33,450;292,8;465,7;485,0;485,7;503,4;
00:00:33,500;308,7;463,6;484,1;485,1;506,3;
00:00:33,550;298,5;469,4;491,5;483,3;494,7;
00:00:33,600;301,6;459,5;485,5;481,2;491,4;
00:00:33,650;301,6;459,5;485,5;481,2;491,4;
00:00:33,700;309,5;448,4;474,3;471,2;489,6;
00:00:33,750;272,8;452,7;477,8;476,6;492,7;
00:00:33,800;236,0;456,9;481,2;481,9;495,8;
00:00:33,850;302,3;440,8;470,8;481,1;494,8;
00:00:33,900;302,3;440,8;470,8;481,1;494,8;
00:00:33,950;303,2;458,5;481,2;489,2;496,2;
00:00:34,000;184,9;451,0;464,9;472,1;489,1;
00:00:34,050;246,4;456,2;473,0;477,3;496,8;
00:00:34,100;307,8;461,3;481,1;482,5;504,4;
00:00:34,150;307,8;461,3;481,1;482,5;504,4;
00:00:34,200;219,5;464,8;481,0;472,2;481,1;
00:00:34,250;288,9;453,6;481,7;480,2;487,0;
00:00:34,300;306,4;445,2;472,8;471,9;484,3;
00:00:34,350;297,7;451,7;481,2;478,4;495,5;
00:00:34,400;297,7;451,7;481,2;478,4;495,5;
00:00:34,450;278,0;450,6;479,4;483,1;495,1;
00:00:34,500;305,4;440,5;464,6;476,1;487,1;
00:00:34,550;303,2;454,6;479,1;489,6;495,0;
00:00:34,600;292,3;457,9;480,1;485,7;497,0;
00:00:34,650;292,3;457,9;480,1;485,7;497,0;
00:00:34,700;304,8;459,3;480,0;481,7;500,8;
00:00:34,750;248,2;462,4;478,3;474,4;487,6;
00:00:34,800;191,5;465,5;476,6;467,1;474,3;
00:00:34,850;239,6;458,9;480,7;473,1;481,9;
00:00:34,900;239,6;458,9;480,7;473,1;481,9;
00:00:34,950;300,6;445,9;480,0;477,6;495,2;
00:00:35,000;234,4;456,9;479,8;477,4;492,2;
00:00:35,050;269,8;446,5;469,7;474,5;486,6;
00:00:35,100;305,2;436,1;459,6;471,5;480,9;
00:00:35,150;305,2;436,1;459,6;471,5;480,9;
00:00:35,200;251,7;451,5;469,6;477,5;488,5;
00:00:35,250;215,0;460,2;474,9;475,2;491,5;
00:00:35,300;295,2;458,2;479,4;480,7;498,6;
00:00:35,350;301,5;456,9;478,5;479,3;497,7;
00:00:35,400;301,5;456,9;478,5;479,3;497,7;
00:00:35,450;170,0;454,8;466,9;461,1;470,7;
00:00:35,500;291,7;446,1;474,2;472,4;482,6;
00:00:35,550;301,3;441,8;469,6;467,4;486,1;
00:00:35,600;281,9;445,1;473,0;473,3;488,0;
00:00:35,650;281,9;445,1;473,0;473,3;488,0;
00:00:35,700;298,4;431,0;458,9;471,4;483,8;
00:00:35,750;294,3;442,1;467,2;476,1;485,8;
00:00:35,800;290,1;453,1;475,4;480,7;487,8;
00:00:35,850;168,9;449,4;462,1;467,0;485,0;
00:00:35,900;168,9;449,4;462,1;467,0;485,0;
00:00:35,950;300,3;453,5;475,2;477,2;497,4;
00:00:36,000;296,2;458,3;480,9;477,3;488,5;
00:00:36,050;293,7;450,9;477,1;475,5;484,6;
00:00:36,100;291,1;443,4;473,3;473,7;480,6;
00:00:36,150;291,1;443,4;473,3;473,7;480,6;
00:00:36,200;277,1;446,6;476,8;474,6;490,2;
00:00:36,250;178,1;444,9;466,7;468,6;485,0;
00:00:36,300;286,4;436,2;468,2;476,4;487,7;
00:00:36,350;299,4;437,0;460,6;472,3;480,6;
00:00:36,400;299,4;437,0;460,6;472,3;480,6;
00:00:36,450;218,6;450,4;460,9;466,8;478,6;
00:00:36,500;242,5;454,8;471,3;473,9;490,7;
00:00:36,550;299,0;454,2;474,2;475,7;495,6;
00:00:36,600;235,0;452,4;468,1;466,7;481,5;
00:00:36,650;235,0;452,4;468,1;466,7;481,5;
00:00:36,700;269,4;449,0;475,4;472,1;477,3;
00:00:36,750;279,9;446,7;476,7;473,5;483,1;
00:00:36,800;290,3;444,4;478,0;474,8;488,9;
00:00:36,850;184,9;445,8;464,8;466,2;480,9;
00:00:36,900;184,9;445,8;464,8;466,2;480,9;
00:00:36,950;299,0;433,4;456,3;467,1;475,1;
00:00:37,000;297,0;444,1;468,1;479,7;485,7;
00:00:37,050;240,9;448,9;467,6;474,8;487,1;
00:00:37,100;184,7;453,7;467,0;469,8;488,4;
00:00:37,150;184,7;453,7;467,0;469,8;488,4;
00:00:37,200;351,2;460,9;472,1;474,7;497,0;
00:00:37,250;304,1;471,7;474,8;478,4;487,5;
00:00:37,300;224,0;476,9;469,4;481,4;482,4;
00:00:37,350;443,8;463,3;464,3;482,6;474,3;
00:00:37,400;443,8;463,3;464,3;482,6;474,3;
00:00:37,450;456,9;483,9;476,3;324,0;153,9;
00:00:37,500;372,3;344,3;231,1;148,8;141,4;
00:00:37,550;148,5;145,3;140,5;139,4;136,9;
00:00:37,600;143,0;142,7;139,5;137,4;134,6;
00:00:37,650;143,0;142,7;139,5;137,4;134,6;
00:00:37,700;137,9;139,2;137,4;134,1;132,6;
00:00:37,750;137,5;139,7;138,4;137,6;134,4;
00:00:37,800;137,1;140,2;139,4;141,1;136,2;
00:00:37,850;136,9;141,4;140,9;143,2;140,2;
00:00:37,900;136,9;141,4;140,9;143,2;140,2;
00:00:37,950;141,1;147,6;146,0;145,3;141,9;
00:00:38,000;143,4;188,9;151,1;146,3;144,1;
00:00:38,050;335,7;486,3;449,1;326,1;161,2;
00:00:38,100;481,5;509,2;511,9;500,8;447,2;
00:00:38,150;481,5;509,2;511,9;500,8;447,2;
00:00:38,200;436,8;489,3;491,8;507,9;504,7;
00:00:38,250;269,5;484,3;494,6;496,4;511,7;
00:00:38,300;392,9;458,5;484,3;491,4;512,2;
00:00:38,350;326,3;455,7;482,4;483,6;503,4;
00:00:38,400;168,3;464,1;498,2;500,3;512,9;
00:00:38,450;256,4;468,9;502,6;504,1;514,5;
00:00:38,500;302,8;473,3;496,1;494,4;512,9;
00:00:38,550;312,8;469,8;497,8;504,4;526,7;
00:00:38,600;270,1;475,6;496,6;502,8;522,0;
00:00:38,650;227,4;481,3;495,3;501,2;517,2;
00:00:38,700;179,1;472,7;491,7;500,3;517,6;
00:00:38,750;244,8;462,8;487,8;498,3;516,8;
00:00:38,800;310,4;452,9;483,9;496,2;516,0;
00:00:38,850;287,3;465,1;497,6;502,2;516,9;
00:00:38,900;298,8;457,2;486,9;491,0;508,6;
00:00:38,950;310,2;449,2;476,1;479,8;500,2;
00:00:39,000;310,4;455,7;484,9;487,3;504,5;
00:00:39,050;253,0;466,5;496,4;495,8;509,8;
00:00:39,100;227,6;472,4;496,2;494,7;514,4;
00:00:39,150;302,4;470,1;496,3;501,5;522,6;
00:00:39,200;309,4;469,9;495,8;504,9;527,1;
00:00:39,250;264,9;478,5;500,3;506,3;522,6;
00:00:39,300;161,8;473,1;483,6;492,0;510,0;
00:00:39,350;297,2;460,1;487,7;497,7;511,7;
00:00:39,400;308,1;452,0;476,8;488,7;510,4;
00:00:39,450;279,2;455,6;483,8;490,2;509,1;
00:00:39,500;250,3;459,1;490,8;491,6;507,8;
00:00:39,550;303,7;447,5;477,8;482,0;502,3;
00:00:39,600;277,8;455,9;488,2;490,5;506,6;
00:00:39,650;251,8;464,2;498,5;498,9;510,8;
00:00:39,700;176,8;470,0;491,7;490,1;508,0;
00:00:39,750;241,3;468,7;492,1;496,2;515,9;
00:00:39,800;305,8;467,3;492,5;502,3;523,7;
00:00:39,850;305,8;467,3;492,5;502,3;523,7;
00:00:39,900;305,8;467,3;492,5;502,3;523,7;
00:00:39,950;305,8;467,3;492,4;502,3;523,6;
00:00:40,000;305,8;467,3;492,4;502,3;523,6;
00:00:40,050;305,8;467,3;492,4;502,3;523,6;
00:00:40,100;305,8;467,3;492,4;502,3;523,6;
00:00:40,150;305,8;467,3;492,4;502,3;523,6;
00:00:40,200;305,8;467,3;492,4;502,3;523,6;
00:00:40,250;305,8;467,3;492,4;502,3;523,6;
00:00:40,300;305,8;467,3;492,4;502,3;523,6;
00:00:40,350;305,8;467,3;492,4;502,3;523,6;
00:00:40,400;305,8;467,3;492,4;502,3;523,6;
00:00:40,450;305,8;467,3;492,4;502,3;523,6;
00:00:40,500;305,8;467,3;492,4;502,3;523,6;
00:00:40,550;305,8;467,3;492,4;502,3;523,6;
00:00:40,600;305,8;467,3;492,4;502,3;523,6;
00:00:40,650;305,8;467,3;492,4;502,3;523,6;
00:00:40,700;305,8;467,3;492,4;502,3;523,6;
00:00:40,750;305,8;467,3;492,4;502,3;523,6;
00:00:40,800;305,8;467,3;492,4;502,3;523,6;
00:00:40,850;305,8;467,3;492,4;502,3;523,6;
00:00:40,900;305,8;467,3;492,4;502,3;523,6;
00:00:40,950;305,8;467,3;492,4;502,3;523,6;
00:00:41,000;307,5;461,3;489,3;500,1;522,0;
00:00:41,050;285,9;470,4;493,8;502,1;520,3;
00:00:41,100;163,4;468,1;477,9;486,1;504,4;
00:00:41,150;279,1;459,7;486,6;497,7;509,8;
00:00:41,200;305,0;449,4;476,2;487,3;504,0;
00:00:41,250;299,2;453,7;489,3;495,6;511,0;
00:00:41,300;188,9;458,0;482,1;484,5;499,4;
00:00:41,350;270,7;448,8;479,8;483,1;500,2;
00:00:41,400;305,9;444,1;471,8;475,3;492,3;
00:00:41,450;238,5;454,8;479,4;480,7;496,8;
00:00:41,500;171,1;465,5;487,0;486,0;501,3;
00:00:41,550;285,2;464,4;490,4;493,3;513,2;
00:00:41,600;289,6;467,1;492,0;497,9;516,6;
00:00:41,650;294,0;469,7;493,5;502,5;520,0;
00:00:41,700;178,3;466,9;477,4;487,7;503,7;
00:00:41,750;241,6;456,9;474,8;485,2;501,9;
00:00:41,800;304,8;446,8;472,1;482,7;500,0;
00:00:41,850;299,9;446,1;481,6;491,1;507,4;
00:00:41,900;295,3;446,0;480,9;487,4;503,6;
00:00:41,950;290,7;445,9;480,1;483,7;499,7;
00:00:42,000;303,5;440,3;467,1;470,5;489,1;
00:00:42,050;295,8;451,5;484,9;487,9;501,2;
00:00:42,100;172,0;459,2;479,7;479,8;494,8;
00:00:42,150;257,6;463,5;488,6;489,1;508,5;
00:00:42,200;300,0;459,3;486,1;495,8;516,7;
00:00:42,250;297,4;466,4;490,6;500,1;518,6;
00:00:42,300;219,8;469,3;487,4;494,1;508,2;
00:00:42,350;232,4;457,1;480,7;491,5;504,6;
00:00:42,400;302,5;446,0;473,4;483,8;497,8;
00:00:42,450;234,4;446,2;472,4;480,3;495,7;
00:00:42,500;166,3;446,3;471,4;476,8;493,6;
00:00:42,550;272,7;449,2;481,8;483,9;499,1;
00:00:42,600;284,6;450,1;483,8;486,9;500,1;
00:00:42,650;296,5;450,9;485,8;489,8;501,0;
00:00:42,700;205,4;459,0;487,8;486,9;497,3;
00:00:42,750;253,4;457,2;485,8;491,3;506,6;
00:00:42,800;301,3;455,4;483,7;495,6;515,8;
00:00:42,850;298,3;461,6;486,0;496,1;516,1;
00:00:42,900;283,7;457,4;483,4;494,3;510,3;
00:00:42,950;269,1;453,1;480,8;492,4;504,5;
00:00:43,000;297,8;445,8;474,9;485,7;498,0;
00:00:43,050;296,8;443,3;474,3;483,9;500,5;
00:00:43,100;192,3;451,7;479,5;481,2;494,7;
00:00:43,150;229,0;448,3;480,0;481,8;496,3;
00:00:43,200;296,2;437,7;467,9;472,1;489,4;
00:00:43,250;296,3;447,7;480,1;485,1;496,9;
00:00:43,300;263,0;452,7;487,5;490,5;500,1;
00:00:43,350;223,4;459,0;481,8;483,7;500,6;
00:00:43,400;296,6;455,1;482,5;492,7;514,2;
00:00:43,450;238,4;458,5;477,5;487,4;506,0;
00:00:43,500;180,2;461,9;472,5;482,1;497,8;
00:00:43,550;221,6;454,0;478,4;488,9;503,1;
00:00:43,600;258,1;446,1;476,5;486,9;501,9;
00:00:43,650;294,6;438,2;474,6;484,8;500,7;
00:00:43,700;247,1;449,9;483,8;487,5;499,5;
00:00:43,750;272,3;441,9;473,0;476,8;491,6;
00:00:43,800;297,4;433,8;462,1;466,0;483,7;
00:00:43,850;294,9;441,8;473,1;476,9;491,2;
00:00:43,900;232,3;450,8;478,9;480,9;493,8;
00:00:43,950;244,8;457,2;482,1;484,0;502,2;
00:00:44,000;291,4;455,0;482,1;490,4;510,2;
00:00:44,050;293,9;455,2;481,2;492,9;511,9;
00:00:44,100;226,2;462,8;482,8;490,6;502,9;
00:00:44,150;161,8;457,0;471,7;482,0;496,7;
00:00:44,200;288,7;443,0;472,0;483,1;495,0;
00:00:44,250;293,6;435,9;465,9;478,5;495,7;
00:00:44,300;278,1;445,3;481,1;486,3;500,3;
00:00:44,350;215,8;440,9;470,7;474,4;489,5;
00:00:44,400;291,8;431,3;460,9;466,5;484,0;
00:00:44,450;275,5;441,2;472,3;475,5;489,5;
00:00:44,500;259,2;451,1;483,7;484,5;494,9;
00:00:44,550;164,3;456,2;477,6;478,4;495,3;
00:00:44,600;253,1;455,9;478,1;485,0;503,6;
00:00:44,650;341,9;455,5;478,5;491,5;511,8;
00:00:44,700;370,8;467,3;481,4;492,7;509,3;
00:00:44,750;326,9;469,3;482,0;496,2;496,7;
00:00:44,800;282,9;471,3;482,5;499,7;484,0;
00:00:44,850;437,8;488,0;493,9;488,2;463,8;
00:00:44,900;469,3;486,7;482,5;415,2;236,1;
00:00:44,950;476,5;473,0;359,1;164,3;149,4;
00:00:45,000;270,6;251,8;162,8;150,3;148,0;
00:00:45,050;146,1;149,4;146,3;146,9;144,5;
00:00:45,100;140,8;145,5;143,4;143,4;141,4;
00:00:45,150;139,7;145,3;143,9;142,4;139,9;
00:00:45,200;138,9;142,9;142,2;142,5;140,3;
00:00:45,250;139,2;144,1;142,9;143,4;141,9;
00:00:45,300;139,3;145,3;144,0;144,9;143,9;
00:00:45,350;139,4;146,5;145,0;146,3;145,8;
00:00:45,400;140,8;147,7;145,8;149,4;146,8;
00:00:45,450;149,3;289,5;203,8;154,2;148,5;
00:00:45,500;157,8;431,2;261,8;158,9;150,1;
00:00:45,550;388,3;495,7;479,6;411,8;160,5;
00:00:45,600;424,3;489,0;493,0;459,0;328,1;
00:00:45,650;460,2;482,3;506,4;506,2;495,7;
00:00:45,700;447,9;466,5;483,8;508,2;496,7;
00:00:45,750;437,5;465,3;479,8;499,6;500,8;
00:00:45,800;427,0;464,0;475,8;490,9;504,8;
00:00:45,850;397,5;465,3;471,6;479,4;499,2;
00:00:45,900;352,5;454,9;469,6;479,6;503,3;
00:00:45,950;310,3;454,6;470,5;476,9;499,8;
00:00:46,000;208,7;464,0;484,3;488,1;507,6;
00:00:46,050;199,8;471,0;485,2;484,2;504,5;
00:00:46,100;297,9;468,1;486,4;490,0;511,8;
00:00:46,150;307,5;456,1;476,1;485,5;510,2;
00:00:46,200;300,8;466,6;483,8;488,5;513,5;
00:00:46,250;177,0;469,1;472,6;480,6;509,1;
00:00:46,300;242,6;462,9;469,5;483,2;508,6;
00:00:46,350;308,1;456,7;466,3;485,7;508,0;
00:00:46,400;301,9;457,6;469,8;489,3;510,5;
00:00:46,450;299,2;458,3;472,0;486,0;507,4;
00:00:46,500;296,5;459,0;474,1;482,7;504,2;
00:00:46,550;305,2;449,3;462,5;472,5;497,6;
00:00:46,600;233,5;455,9;468,4;474,4;498,1;
00:00:46,650;161,7;462,5;474,3;476,2;498,6;
00:00:46,700;285,9;468,9;485,0;486,7;508,6;
00:00:46,750;293,5;467,2;483,6;486,4;510,5;
00:00:46,800;301,1;465,5;482,2;486,0;512,3;
00:00:46,850;218,1;475,3;483,0;487,0;510,1;
00:00:46,900;248,9;467,4;475,8;489,2;513,7;
00:00:46,950;305,4;458,2;468,3;487,6;509,3;
00:00:47,000;302,4;452,3;463,0;483,3;506,5;
00:00:47,050;221,4;461,8;472,2;486,4;504,5;
00:00:47,100;284,7;460,8;473,4;481,2;499,6;
00:00:47,150;300,4;448,1;464,0;474,2;499,0;
00:00:47,200;297,6;455,4;473,4;479,4;500,3;
00:00:47,250;171,1;468,1;480,2;479,1;498,3;
00:00:47,300;237,5;459,9;476,2;480,8;502,0;
00:00:47,350;303,9;451,6;472,2;482,5;505,7;
00:00:47,400;301,0;458,8;478,4;484,8;509,4;
00:00:47,450;289,8;462,0;477,7;488,8;512,3;
00:00:47,500;278,6;465,1;476,9;492,7;515,1;
00:00:47,550;301,7;459,1;470,4;489,4;511,1;
00:00:47,600;243,3;461,5;472,4;487,4;506,5;
00:00:47,650;184,8;463,9;474,3;485,3;501,9;
00:00:47,700;249,3;459,1;466,2;474,3;494,3;
00:00:47,750;273,6;455,7;469,7;477,2;497,1;
00:00:47,800;297,8;452,2;473,1;480,0;499,8;
00:00:47,850;214,7;463,0;482,1;484,0;501,5;
00:00:47,900;232,6;462,2;476,7;479,2;500,3;
00:00:47,950;298,6;451,7;471,4;482,1;504,8;
00:00:48,000;300,0;452,2;474,2;482,6;506,0;
00:00:48,050;243,3;466,7;476,7;480,9;505,8;
00:00:48,100;233,2;464,4;472,4;484,0;507,9;
00:00:48,150;293,6;459,7;472,4;491,1;511,9;
00:00:48,200;299,3;450,1;461,3;481,9;503,1;
00:00:48,250;245,9;460,0;472,7;488,1;504,4;
00:00:48,300;271,9;451,6;465,0;478,1;498,8;
00:00:48,350;297,8;443,2;457,2;468,1;493,2;
00:00:48,400;297,3;447,1;464,8;472,1;493,2;
00:00:48,450;280,9;455,2;471,8;475,9;496,4;
00:00:48,500;264,5;463,2;478,7;479,7;499,6;
00:00:48,550;293,2;454,9;473,8;482,3;503,0;
00:00:48,600;272,3;461,3;476,7;483,1;505,3;
00:00:48,650;251,3;467,7;479,6;483,9;507,5;
00:00:48,700;162,6;461,1;464,2;474,0;501,1;
00:00:48,750;230,7;453,6;460,6;475,6;499,8;
00:00:48,800;298,7;446,1;456,9;477,2;498,4;
00:00:48,850;287,7;453,2;468,0;484,9;502,7;
00:00:48,900;217,4;456,5;465,3;474,9;492,8;
00:00:48,950;292,8;444,8;461,3;472,2;494,0;
00:00:49,000;297,3;441,2;456,2;465,1;488,0;
00:00:49,050;244,5;455,4;475,1;479,0;496,2;
00:00:49,100;200,6;460,4;471,8;473,3;492,7;
00:00:49,150;287,6;458,5;476,1;481,3;501,6;
00:00:49,200;296,2;447,9;468,6;478,2;501,2;
00:00:49,250;284,1;460,0;476,0;479,9;504,5;
00:00:49,300;288,0;457,5;471,4;482,7;505,3;
00:00:49,350;291,8;455,0;466,7;485,5;506,0;
00:00:49,400;298,0;445,8;457,3;477,2;497,1;
00:00:49,450;253,3;447,3;457,7;473,1;492,5;
00:00:49,500;208,6;448,8;458,0;468,9;487,9;
00:00:49,550;286,8;449,3;465,3;474,3;493,3;
00:00:49,600;268,3;452,1;470,1;476,7;494,9;
00:00:49,650;249,7;454,9;474,9;479,1;496,5;
00:00:49,700;154,3;452,8;463,9;467,4;487,7;
00:00:49,750;224,2;447,9;464,5;471,6;493,5;
00:00:49,800;294,1;443,0;465,0;475,8;499,2;
00:00:49,850;289,6;453,0;471,3;477,1;500,7;
00:00:49,900;203,6;460,9;468,4;475,6;499,0;
00:00:49,950;282,1;454,6;467,4;486,3;506,5;
00:00:50,000;295,3;447,2;459,1;479,1;498,0;
00:00:50,050;282,4;445,5;458,0;476,9;496,4;
00:00:50,100;158,2;451,0;460,3;472,1;488,4;
00:00:50,150;271,8;450,1;462,6;470,5;488,0;
00:00:50,200;290,6;438,3;454,8;465,2;487,0;
00:00:50,250;285,6;448,3;469,7;476,2;492,7;
00:00:50,300;285,8;449,9;470,2;477,2;494,8;
00:00:50,350;286,0;451,4;470,7;478,2;496,9;
00:00:50,400;292,4;440,7;461,7;473,5;497,1;
00:00:50,450;226,6;446,2;460,0;470,9;495,6;
00:00:50,500;160,7;451,6;458,2;468,2;494,0;
00:00:50,550;262,4;455,0;467,1;482,7;504,1;
00:00:50,600;274,7;448,8;462,3;480,0;499,4;
00:00:50,650;287,0;442,6;457,4;477,3;494,7;
00:00:50,700;187,1;452,6;464,6;477,1;491,6;
00:00:50,750;257,4;444,5;457,6;466,8;485,8;
00:00:50,800;291,2;433,7;449,3;459,6;482,0;
00:00:50,850;288,3;438,5;452,2;468,1;483,6;
00:00:50,900;223,4;449,1;462,9;474,0;487,6;
00:00:50,950;158,2;457,7;457,4;464,3;477,1;
00:00:51,000;288,4;434,6;449,3;466,1;487,4;
00:00:51,050;289,9;436,0;451,3;468,2;487,8;
00:00:51,100;285,7;447,5;462,5;469,6;491,0;
00:00:51,150;206,7;453,7;458,5;467,4;489,6;
00:00:51,200;283,1;442,8;455,8;469,9;498,7;
00:00:51,250;290,8;436,1;444,5;459,6;489,8;
00:00:51,300;256,6;446,0;457,6;471,5;493,5;
00:00:51,350;161,8;451,7;444,2;458,2;481,0;
00:00:51,400;273,5;435,9;450,9;463,2;482,0;
00:00:51,450;288,3;434,1;444,1;459,0;475,6;
00:00:51,500;268,3;443,5;457,6;471,0;484,3;
00:00:51,550;159,3;456,7;453,2;462,0;476,7;
00:00:51,600;289,6;431,0;445,8;465,2;485,7;
00:00:51,650;289,6;431,0;445,8;465,2;485,7;
00:00:51,700;286,2;439,5;455,8;468,1;489,1;
00:00:51,750;153,4;458,2;453,2;456,7;481,4;
00:00:51,800;153,4;458,2;453,2;456,7;481,4;
00:00:51,850;153,4;458,2;453,2;456,7;481,4;
00:00:51,900;153,4;458,2;453,2;456,7;481,4;
00:00:51,950;153,4;458,2;453,2;456,7;481,4;
00:00:52,000;153,4;458,2;453,2;456,7;481,4;
00:00:52,050;153,4;458,2;453,2;456,7;481,4;
00:00:52,100;153,4;458,2;453,2;456,7;481,4;
00:00:52,150;153,4;458,2;453,2;456,7;481,4;
00:00:52,200;153,4;458,2;453,2;456,7;481,4;
00:00:52,250;153,4;458,2;453,2;456,7;481,4;
00:00:52,300;153,4;458,2;453,2;456,7;481,4;
00:00:52,350;153,4;458,2;453,2;456,7;481,4;
00:00:52,400;153,4;458,2;453,2;456,7;481,4;
00:00:52,450;153,4;458,2;453,2;456,7;481,4;
00:00:52,500;153,4;458,2;453,2;456,7;481,4;
00:00:52,550;153,4;458,2;453,2;456,7;481,4;
00:00:52,600;153,4;458,2;453,2;456,7;481,4;
00:00:52,650;153,4;458,2;453,2;456,7;481,4;
00:00:52,700;153,4;458,2;453,2;456,7;481,4;
00:00:52,750;153,4;458,2;453,2;456,7;481,4;
00:00:52,800;153,4;458,2;453,2;456,7;481,4;
00:00:52,850;153,4;458,2;453,2;456,7;481,4;
00:00:52,900;153,4;458,2;453,2;456,7;481,4;
00:00:52,950;141,9;145,5;144,8;144,8;144,3;
00:00:53,000;151,3;164,3;152,9;148,7;147,0;
00:00:53,050;358,9;463,4;431,7;284,3;156,6;
00:00:53,100;488,5;492,9;491,0;480,1;435,2;
00:00:53,150;469,0;489,8;509,7;506,7;507,5;
00:00:53,200;469,4;478,5;490,2;515,5;508,6;
00:00:53,250;435,6;483,8;482,5;508,2;511,5;
00:00:53,300;408,5;494,6;484,3;488,7;520,8;
00:00:53,350;385,4;470,9;467,9;464,8;502,6;
00:00:53,400;385,4;460,2;482,1;467,9;494,9;
00:00:53,450;331,7;449,4;470,6;467,6;499,2;
00:00:53,500;310,2;447,2;468,3;464,3;494,1;
00:00:53,550;296,4;446,4;474,0;474,0;505,5;
00:00:53,600;165,6;458,5;481,1;471,7;493,7;
00:00:53,650;275,2;448,6;477,5;478,8;500,7;
00:00:53,700;307,3;462,3;476,9;474,0;499,2;
00:00:53,750;303,8;459,7;484,0;483,0;510,1;
00:00:53,800;205,0;456,7;481,9;470,9;499,6;
00:00:53,850;291,8;458,5;492,0;477,7;513,0;
00:00:53,900;304,6;463,8;495,2;480,7;515,8;
00:00:53,950;307,3;457,3;489,9;480,9;521,0;
00:00:54,000;172,9;459,7;483,8;463,7;492,6;
00:00:54,050;289,7;450,7;478,6;469,4;500,1;
00:00:54,100;304,2;448,3;469,3;465,2;495,4;
00:00:54,150;304,9;448,2;479,1;478,2;506,1;
00:00:54,200;202,4;448,3;475,8;467,7;493,0;
00:00:54,250;216,4;450,1;479,8;476,1;496,8;
00:00:54,300;301,1;457,0;470,9;468,3;492,9;
00:00:54,350;302,9;459,7;479,2;478,3;504,1;
00:00:54,400;275,9;460,8;485,5;481,3;509,9;
00:00:54,450;264,6;457,6;489,1;475,2;508,4;
00:00:54,500;299,3;459,0;491,1;477,6;513,5;
00:00:54,550;304,5;459,7;491,7;480,3;516,7;
00:00:54,600;182,7;459,1;475,9;458,2;491,8;
00:00:54,650;247,1;453,5;481,6;467,2;496,0;
00:00:54,700;303,4;445,5;465,5;461,4;490,6;
00:00:54,750;305,8;442,4;467,6;469,2;501,5;
00:00:54,800;276,5;454,8;481,6;475,5;499,8;
00:00:54,850;276,5;444,3;473,4;475,8;497,2;
00:00:54,900;296,2;451,1;465,8;467,0;491,5;
00:00:54,950;299,5;455,5;480,1;478,0;506,1;
00:00:55,000;198,0;455,0;476,9;467,3;495,3;
00:00:55,050;198,9;457,8;486,0;472,5;503,4;
00:00:55,100;290,8;454,8;487,9;475,2;509,7;
00:00:55,150;302,1;452,6;486,5;477,9;516,4;
00:00:55,200;234,3;462,6;489,4;471,4;506,0;
00:00:55,250;173,7;456,5;479,4;460,0;488,4;
00:00:55,300;299,7;444,0;464,4;461,4;491,0;
00:00:55,350;303,4;441,1;461,9;460,0;490,6;
00:00:55,400;298,5;443,4;475,8;475,1;501,5;
00:00:55,450;218,6;445,8;475,1;472,0;491,8;
00:00:55,500;289,9;443,9;464,4;468,4;492,6;
00:00:55,550;296,4;452,5;466,8;464,7;488,4;
00:00:55,600;267,4;456,7;480,1;477,3;505,5;
00:00:55,650;162,3;458,0;480,3;465,5;491,7;
00:00:55,700;294,3;454,2;487,2;473,7;508,4;
00:00:55,750;299,8;456,0;486,5;476,4;513,4;
00:00:55,800;291,4;453,7;485,1;474,2;511,4;
00:00:55,850;243,4;448,6;476,9;463,7;491,6;
00:00:55,900;295,6;441,2;465,5;462,3;492,4;
00:00:55,950;299,1;441,2;460,2;457,4;486,4;
00:00:56,000;166,3;451,0;471,9;465,6;485,9;
00:00:56,050;166,3;451,0;471,9;465,6;485,9;
00:00:56,100;271,7;440,3;468,1;472,0;493,4;
00:00:56,150;297,6;453,5;469,1;466,9;491,6;
00:00:56,200;294,1;451,9;476,1;475,1;502,4;
00:00:56,250;194,2;455,9;471,8;462,1;490,9;
00:00:56,300;287,0;450,3;483,7;470,8;504,9;
00:00:56,350;296,2;455,3;486,5;472,1;507,5;
00:00:56,400;298,4;449,3;481,5;473,4;512,5;
00:00:56,450;172,3;451,2;475,3;456,4;484,3;
00:00:56,500;283,2;442,5;469,4;462,1;491,6;
00:00:56,550;294,7;440,0;459,6;457,9;487,0;
00:00:56,600;295,7;439,3;470,9;471,4;497,1;
00:00:56,650;192,9;437,0;465,9;460,2;483,8;
00:00:56,700;287,6;440,3;460,4;465,1;488,1;
00:00:56,750;292,8;448,7;462,4;461,4;484,8;
00:00:56,800;295,6;450,0;469,9;470,4;495,6;
00:00:56,850;159,3;454,9;476,2;461,8;487,8;
00:00:56,900;258,9;448,8;480,8;467,6;500,2;
00:00:56,950;291,1;451,2;482,5;470,1;505,2;
00:00:57,000;285,1;448,9;480,2;469,8;508,1;
00:00:57,050;174,7;457,2;466,8;450,3;483,6;
00:00:57,100;247,2;445,0;471,5;459,9;487,9;
00:00:57,150;295,7;437,1;455,6;453,6;482,0;
00:00:57,200;299,5;433,2;459,0;463,4;492,7;
00:00:57,250;262,5;444,8;472,2;468,5;491,5;
00:00:57,300;272,3;435,3;463,8;467,7;489,2;
00:00:57,350;288,4;442,3;457,0;459,8;482,2;
00:00:57,400;294,3;449,6;464,4;463,8;487,9;
00:00:57,450;190,8;444,3;467,2;458,0;486,7;
00:00:57,500;194,4;448,6;476,9;464,7;494,6;
00:00:57,550;283,6;447,2;478,8;467,2;501,4;
00:00:57,600;294,1;444,9;477,0;469,3;508,2;
00:00:57,650;229,5;455,2;479,7;464,2;499,0;
00:00:57,700;292,3;435,7;455,3;454,1;482,6;
00:00:57,750;292,3;452,6;451,7;463,8;479,1;
00:00:57,800;295,4;432,8;453,7;453,5;483,3;
00:00:57,850;189,9;436,6;461,7;456,5;479,2;
00:00:57,900;218,1;437,0;465,9;465,3;483,4;
00:00:57,950;284,3;435,9;455,5;461,3;484,3;
00:00:58,000;292,8;446,5;466,4;466,5;491,8;
00:00:58,050;260,8;449,7;471,6;469,0;497,1;
00:00:58,100;158,2;450,3;471,7;457,7;483,6;
00:00:58,150;288,0;447,2;478,5;466,2;501,5;
00:00:58,200;293,0;446,9;477,6;467,6;504,5;
00:00:58,250;282,9;444,9;475,9;466,5;504,1;
00:00:58,300;243,9;441,5;467,9;456,7;484,2;
00:00:58,350;288,5;433,7;457,2;455,4;484,3;
00:00:58,400;290,8;433,2;451,8;450,9;478,3;
00:00:58,450;263,0;441,8;468,4;465,5;487,4;
00:00:58,500;162,1;441,2;464,2;458,5;476,9;
00:00:58,550;270,0;431,6;459,7;465,2;485,1;
00:00:58,600;290,2;444,8;460,8;460,1;484,2;
00:00:58,650;287,1;443,9;467,9;467,5;494,7;
00:00:58,700;194,8;445,7;472,5;460,9;491,6;
00:00:58,750;280,0;443,0;475,3;463,7;497,7;
00:00:58,800;288,7;448,2;477,9;465,5;500,7;
00:00:58,850;222,0;451,5;476,5;459,6;494,0;
00:00:58,900;171,3;445,1;466,7;449,6;476,8;
00:00:58,950;276,9;434,4;460,6;455,0;483,7;
00:00:59,000;291,5;429,1;449,5;449,9;479,1;
00:00:59,050;287,3;430,8;462,3;464,8;489,6;
00:00:59,100;186,9;437,6;457,9;453,8;475,8;
00:00:59,150;280,0;431,7;451,5;457,4;479,8;
00:00:59,200;286,4;441,7;454,2;454,9;477,3;
00:00:59,250;287,7;441,5;461,2;462,8;487,8;
00:00:59,300;157,1;449,6;467,9;455,0;480,4;
00:00:59,350;256,8;441,5;472,2;460,3;493,5;
00:00:59,400;283,8;443,4;474,6;462,6;498,0;
00:00:59,450;176,8;444,8;459,1;443,5;475,9;
00:00:59,500;231,2;437,9;456,7;448,1;478,4;
00:00:59,550;285,6;431,0;454,3;452,6;480,8;
00:00:59,600;311,7;430,7;448,9;448,9;475,1;
00:00:59,650;346,2;427,9;447,0;450,7;480,3;
00:00:59,700;366,5;443,3;463,0;458,2;472,2;
00:00:59,750;383,4;449,2;454,9;455,4;467,3;
00:00:59,800;410,3;460,0;461,3;470,7;468,9;
00:00:59,850;439,9;451,2;453,4;471,7;463,2;
00:00:59,900;446,3;453,5;473,7;471,8;447,2;
00:00:59,950;456,0;476,5;480,4;472,8;298,7;
00:01:00,000;272,4;481,9;442,8;191,1;144,8;
00:01:00,050;149,8;346,9;187,7;146,5;143,1;
00:01:00,100;142,6;155,5;146,5;142,4;140,4;
00:01:00,150;139,9;141,6;141,3;140,2;136,4;
00:01:00,200;139,1;140,8;139,6;138,1;135,4;
00:01:00,250;137,6;138,6;138,9;136,9;134,6;
00:01:00,300;136,4;140,4;139,9;137,1;137,9;
00:01:00,350;136,6;140,4;139,4;138,1;139,1;
00:01:00,400;137,6;141,3;141,6;140,4;139,9;
00:01:00,450;138,9;144,1;144,8;141,6;140,8;
00:01:00,500;142,9;148,9;145,5;145,5;142,4;
00:01:00,550;443,1;499,2;475,1;401,7;155,9;
00:01:00,600;492,4;508,1;503,5;495,9;426,8;
00:01:00,650;473,7;480,9;501,3;501,4;492,1;
00:01:00,700;450,0;493,2;498,1;511,2;507,6;
00:01:00,750;314,8;492,7;498,9;505,8;522,0;
00:01:00,800;416,9;469,9;474,1;493,7;521,0;
00:01:00,850;399,3;464,9;485,2;499,1;522,2;
00:01:00,900;372,4;457,4;473,1;487,1;515,9;
00:01:00,950;348,8;458,9;471,9;481,3;509,7;
00:01:01,000;279,9;470,7;490,4;485,4;510,7;
00:01:01,050;171,3;474,7;477,6;476,2;499,2;
00:01:01,100;265,2;469,8;495,0;495,3;511,4;
00:01:01,150;336,4;457,4;475,3;478,0;494,7;
00:01:01,200;334,3;456,1;485,9;488,9;502,6;
00:01:01,250;290,2;467,0;492,8;491,8;503,2;
00:01:01,300;310,7;449,4;478,1;484,1;506,8;
00:01:01,350;336,6;449,4;467,5;472,2;496,8;
00:01:01,400;334,6;451,9;478,7;489,5;510,2;
00:01:01,450;195,0;474,6;473,5;481,2;505,5;
00:01:01,500;275,7;464,3;485,8;495,4;518,7;
00:01:01,550;335,6;457,7;471,7;480,9;510,4;
00:01:01,600;332,2;464,0;484,3;482,2;511,8;
00:01:01,650;282,5;469,2;487,5;479,3;502,3;
00:01:01,700;317,6;460,0;488,6;491,2;508,3;
00:01:01,750;333,5;454,9;473,4;478,0;494,4;
00:01:01,800;332,3;452,8;477,6;481,7;496,7;
00:01:01,850;176,6;466,8;479,3;477,7;492,4;
00:01:01,900;279,3;450,4;483,4;487,1;504,9;
00:01:01,950;331,7;445,8;465,1;469,5;496,2;
00:01:02,000;329,6;460,3;484,6;495,6;515,0;
00:01:02,050;243,1;469,5;478,3;484,3;504,8;
00:01:02,100;214,4;467,6;483,7;491,1;512,2;
00:01:02,150;334,7;454,0;466,6;476,8;506,8;
00:01:02,200;331,4;457,2;477,1;481,1;509,1;
00:01:02,250;324,4;467,1;486,8;481,7;506,2;
00:01:02,300;290,6;462,4;488,3;491,5;506,7;
00:01:02,350;330,3;452,4;475,0;481,3;497,1;
00:01:02,400;331,0;450,6;470,9;475,0;491,2;
00:01:02,450;214,0;464,4;473,2;476,9;491,0;
00:01:02,500;200,6;454,4;485,6;486,6;500,7;
00:01:02,550;332,2;444,5;464,1;472,2;493,3;
00:01:02,600;328,8;452,6;478,5;489,7;509,9;
00:01:02,650;307,3;466,0;485,2;493,3;511,8;
00:01:02,700;304,5;455,6;478,3;489,1;514,2;
00:01:02,750;331,9;451,4;464,9;476,3;508,0;
00:01:02,800;330,7;453,5;470,3;478,5;506,4;
00:01:02,850;225,0;465,4;473,0;470,8;494,2;
00:01:02,900;222,7;464,2;487,4;488,6;503,1;
00:01:02,950;321,7;452,2;478,0;484,3;499,6;
00:01:03,000;327,0;450,0;478,2;482,8;494,5;
00:01:03,050;282,3;458,9;484,8;486,7;496,7;
00:01:03,100;164,8;458,0;481,9;481,1;493,5;
00:01:03,150;329,6;441,6;460,1;466,0;489,7;
00:01:03,200;328,5;445,6;471,6;483,2;503,1;
00:01:03,250;323,6;460,1;482,2;493,8;511,8;
00:01:03,300;265,2;459,3;478,9;489,7;511,7;
00:01:03,350;326,2;448,6;465,6;479,3;508,5;
00:01:03,400;329,1;450,6;464,8;474,7;503,6;
00:01:03,450;287,7;463,7;482,0;475,5;496,9;
00:01:03,500;173,8;466,0;483,4;480,4;495,4;
00:01:03,550;327,4;448,2;467,5;473,4;489,2;
00:01:03,600;325,4;446,2;469,9;474,9;488,0;
00:01:03,650;318,7;456,3;483,2;486,8;497,4;
00:01:03,700;271,0;444,5;477,7;482,7;498,4;
00:01:03,750;271,0;444,5;477,7;482,7;498,4;
00:01:03,800;271,0;444,5;477,7;482,7;498,4;
00:01:03,850;271,0;444,5;477,7;482,7;498,4;
00:01:03,900;271,0;444,5;477,7;482,7;498,4;
00:01:03,950;271,0;444,5;477,7;482,7;498,4;
00:01:04,000;271,0;444,5;477,7;482,7;498,4;
00:01:04,050;271,0;444,5;477,7;482,7;498,4;
00:01:04,100;271,0;444,5;477,7;482,7;498,4;
00:01:04,150;271,0;444,5;477,7;482,7;498,4;
00:01:04,200;271,0;444,5;477,7;482,7;498,4;
00:01:04,250;271,0;444,5;477,7;482,7;498,4;
00:01:04,300;271,0;444,5;477,7;482,7;498,4;
00:01:04,350;271,0;444,5;477,7;482,7;498,4;
00:01:04,400;271,0;444,5;477,7;482,7;498,4;
00:01:04,450;271,0;444,5;477,7;482,7;498,4;
00:01:04,500;271,0;444,5;477,7;482,7;498,4;
00:01:04,550;271,0;444,5;477,7;482,7;498,4;
00:01:04,600;271,0;444,5;477,7;482,7;498,4;
00:01:04,650;271,0;444,5;477,7;482,7;498,4;
00:01:04,700;271,0;444,5;477,7;482,7;498,4;
00:01:04,750;271,0;444,5;477,7;482,7;498,4;
00:01:04,800;271,0;444,5;477,7;482,7;498,4;
00:01:04,850;271,0;444,5;477,7;482,7;498,4;
00:01:04,900;167,8;454,4;477,5;477,5;490,3;
00:01:04,950;300,8;438,7;467,2;477,1;495,6;
00:01:05,000;325,3;442,0;466,9;478,7;499,1;
00:01:05,050;325,3;442,0;466,9;478,7;499,1;
00:01:05,100;195,6;463,7;462,3;471,4;494,0;
00:01:05,150;323,1;444,6;462,2;476,8;505,0;
00:01:05,200;325,5;446,1;459,2;470,3;498,6;
00:01:05,250;322,3;452,4;472,2;473,7;501,0;
00:01:05,300;322,3;452,4;472,2;473,7;501,0;
00:01:05,350;302,9;451,8;478,1;483,2;497,1;
00:01:05,400;325,0;444,0;464,4;470,6;487,1;
00:01:05,450;316,7;453,4;478,0;483,9;492,9;
00:01:05,500;180,9;457,7;466,6;468,6;483,1;
00:01:05,550;180,9;457,7;466,6;468,6;483,1;
00:01:05,600;323,1;437,9;458,7;470,3;488,9;
00:01:05,650;320,0;449,3;473,7;486,4;505,3;
00:01:05,700;199,3;459,1;473,2;481,9;500,1;
00:01:05,750;311,5;445,0;466,2;479,2;505,5;
00:01:05,800;311,5;445,0;466,2;479,2;505,5;
00:01:05,850;315,6;456,3;474,6;473,8;496,7;
00:01:05,900;183,4;465,2;466,4;464,1;484,9;
00:01:05,950;275,2;454,0;479,7;482,8;496,7;
00:01:06,000;320,8;441,3;458,4;465,2;479,9;
00:01:06,050;320,8;441,3;458,4;465,2;479,9;
00:01:06,100;223,1;453,2;466,8;471,6;483,1;
00:01:06,150;311,1;433,3;456,1;466,8;489,7;
00:01:06,200;321,9;434,6;452,2;462,1;481,6;
00:01:06,250;319,1;440,3;466,6;480,1;499,2;
00:01:06,300;319,1;440,3;466,6;480,1;499,2;
00:01:06,350;292,5;446,9;468,3;481,2;504,3;
00:01:06,400;321,8;443,1;459,3;469,5;496,6;
00:01:06,450;318,2;451,4;470,2;470,7;496,2;
00:01:06,500;230,0;454,1;465,0;463,8;484,6;
00:01:06,550;230,0;454,1;465,0;463,8;484,6;
00:01:06,600;318,3;439,6;460,8;467,7;480,8;
00:01:06,650;317,1;438,7;465,3;472,3;483,4;
00:01:06,700;165,6;449,2;469,6;471,9;483,1;
00:01:06,750;291,9;433,2;462,0;472,9;489,9;
00:01:06,800;291,9;433,2;462,0;472,9;489,9;
00:01:06,850;315,5;449,7;471,7;485,1;503,1;
00:01:06,900;249,0;450,4;469,5;481,0;501,4;
00:01:06,950;284,8;445,6;461,2;472,9;497,4;
00:01:07,000;320,6;440,8;452,9;464,7;493,4;
00:01:07,050;320,6;440,8;452,9;464,7;493,4;
00:01:07,100;321,1;453,1;472,3;471,4;495,6;
00:01:07,150;223,4;453,4;478,0;480,2;498,9;
00:01:07,200;160,3;446,0;471,7;473,2;497,4;
00:01:07,250;365,9;440,2;460,3;460,2;491,6;
00:01:07,300;365,9;440,2;460,3;460,2;491,6;
00:01:07,350;347,4;476,5;475,8;485,2;482,2;
00:01:07,400;452,5;472,5;491,0;488,1;418,3;
00:01:07,450;460,1;488,2;492,4;469,8;180,2;
00:01:07,500;462,1;484,8;470,9;278,9;149,2;
00:01:07,550;462,1;484,8;470,9;278,9;149,2;
00:01:07,600;143,9;147,0;145,7;144,1;142,4;
00:01:07,650;142,1;143,6;143,4;142,1;140,2;
00:01:07,700;140,8;141,6;140,8;139,6;137,4;
00:01:07,750;140,6;140,2;140,2;138,4;135,1;
00:01:07,800;140,6;140,2;140,2;138,4;135,1;
00:01:07,850;140,2;142,1;142,6;140,2;140,4;
00:01:07,900;140,8;142,9;144,3;141,3;141,3;
00:01:07,950;142,1;145,3;144,8;143,4;143,1;
00:01:08,000;147,5;152,0;151,4;149,6;146,0;
00:01:08,050;147,5;152,0;151,4;149,6;146,0;
00:01:08,100;476,9;507,4;497,5;475,0;296,2;
00:01:08,150;476,1;508,0;524,1;524,4;508,7;
00:01:08,200;459,8;489,7;505,1;528,7;514,6;
00:01:08,250;419,2;468,5;475,3;493,4;517,1;
00:01:08,300;419,2;468,5;475,3;493,4;517,1;
00:01:08,350;415,8;449,6;467,2;486,4;499,8;
00:01:08,400;199,3;445,4;452,4;478,3;493,8;
00:01:08,450;169,4;457,4;465,3;492,7;503,4;
00:01:08,500;252,3;467,7;457,7;482,2;490,0;
00:01:08,550;252,3;467,7;457,7;482,2;490,0;
00:01:08,600;311,4;451,3;456,8;479,3;486,6;
00:01:08,650;314,9;457,2;464,4;488,5;492,9;
00:01:08,700;174,4;470,7;463,8;479,5;487,6;
00:01:08,750;289,9;465,2;471,5;487,3;495,4;
00:01:08,800;289,9;465,2;471,5;487,3;495,4;
00:01:08,850;312,8;463,6;474,6;497,7;517,1;
00:01:08,900;233,0;473,8;470,1;485,0;504,2;
00:01:08,950;204,1;464,4;461,7;478,0;492,7;
00:01:09,000;310,2;448,8;453,2;481,1;491,3;
00:01:09,050;310,2;448,8;453,2;481,1;491,3;
00:01:09,100;297,6;456,0;462,8;491,7;501,9;
00:01:09,150;281,3;449,5;461,4;491,1;493,3;
00:01:09,200;307,3;445,9;453,1;480,8;487,5;
00:01:09,250;311,7;453,6;458,4;480,9;486,6;
00:01:09,300;311,7;453,6;458,4;480,9;486,6;
00:01:09,350;248,2;464,8;484,8;483,4;513,5;
---------------------------------
End of File
