[Connect DataFile][1.1]
Date:;03/06/2025
Time:;10:07:42,658
Unit:;°C
Resolution:;0,05
Values:;5
Time;Head;1;2;3;4;
00:00:00,000;125,0;247,8;565,7;571,6;581,2;
00:00:00,050;125,0;125,0;561,0;571,4;583,5;
00:00:00,100;125,0;125,0;554,3;571,1;560,2;
00:00:00,150;125,0;125,0;548,2;562,2;564,7;
00:00:00,200;125,0;125,0;540,9;560,6;563,4;
00:00:00,250;125,0;125,0;539,6;561,9;565,3;
00:00:00,300;125,0;125,0;537,4;564,4;567,5;
00:00:00,350;125,0;125,0;537,0;561,4;568,6;
00:00:00,400;125,0;125,0;535,8;559,3;564,3;
00:00:00,450;125,0;125,0;533,7;556,2;564,2;
00:00:00,500;125,0;125,0;526,9;560,4;562,9;
00:00:00,550;125,0;125,0;535,4;552,7;563,4;
00:00:00,600;125,0;125,0;536,8;560,4;568,4;
00:00:00,650;125,0;125,0;539,4;561,9;569,7;
00:00:00,700;125,0;125,0;539,4;561,9;569,7;
00:00:00,750;125,0;125,0;539,4;561,9;569,7;
00:00:00,800;125,0;125,0;539,4;561,9;569,7;
00:00:00,850;125,0;125,0;539,4;561,9;569,7;
00:00:00,900;125,0;125,0;539,4;561,9;569,7;
00:00:00,950;125,0;125,0;539,4;561,9;569,7;
00:00:01,000;125,0;125,0;539,4;561,9;569,7;
00:00:01,050;125,0;125,0;539,4;561,9;569,7;
00:00:01,100;125,0;125,0;539,4;561,9;569,7;
00:00:01,150;125,0;125,0;539,4;561,9;569,7;
00:00:01,200;125,0;125,0;539,4;561,9;569,7;
00:00:01,250;125,0;125,0;539,4;561,9;569,7;
00:00:01,300;125,0;125,0;539,4;561,9;569,7;
00:00:01,350;125,0;125,0;539,4;561,9;569,7;
00:00:01,400;125,0;125,0;539,4;561,9;569,7;
00:00:01,450;125,0;125,0;539,4;561,9;569,7;
00:00:01,500;125,0;125,0;539,4;561,9;569,7;
00:00:01,550;125,0;125,0;539,4;561,9;569,7;
00:00:01,600;125,0;125,0;539,4;561,9;569,7;
00:00:01,650;125,0;125,0;539,4;561,9;569,7;
00:00:01,700;125,0;125,0;539,4;561,9;569,7;
00:00:01,750;125,0;125,0;532,1;550,8;561,2;
00:00:01,800;125,0;125,0;521,0;545,9;556,2;
00:00:01,850;125,0;125,0;526,9;549,0;560,3;
00:00:01,900;125,0;125,0;532,6;549,5;561,8;
00:00:01,950;125,0;125,0;535,1;546,2;547,7;
00:00:02,000;125,0;125,0;527,7;544,1;550,5;
00:00:02,050;125,0;125,0;528,8;544,1;552,4;
00:00:02,100;125,0;125,0;526,8;547,9;555,4;
00:00:02,150;125,0;125,0;526,8;547,9;555,4;
00:00:02,200;125,0;125,0;520,2;543,4;551,1;
00:00:02,250;125,0;125,0;523,6;542,1;547,1;
00:00:02,300;125,0;125,0;520,6;544,4;552,7;
00:00:02,350;125,0;125,0;521,7;542,2;549,2;
00:00:02,400;125,0;125,0;523,4;545,0;553,8;
00:00:02,450;125,0;125,0;528,0;548,8;557,1;
00:00:02,500;125,0;125,0;531,2;545,6;561,0;
00:00:02,550;125,0;125,0;530,0;549,3;545,2;
00:00:02,600;125,0;125,0;526,7;542,9;549,6;
00:00:02,650;558,2;125,0;523,6;541,4;548,0;
00:00:02,700;591,7;125,0;522,8;542,5;549,5;
00:00:02,750;617,5;125,0;521,1;543,3;548,6;
00:00:02,800;730,6;125,0;515,3;539,7;549,9;
00:00:02,850;734,5;184,8;517,7;538,3;542,3;
00:00:02,900;664,2;151,0;515,7;536,7;547,7;
00:00:02,950;605,7;125,0;511,2;540,6;540,4;
00:00:03,000;614,7;125,0;517,7;538,7;548,5;
00:00:03,050;622,1;125,0;524,6;544,6;550,2;
00:00:03,100;314,8;503,2;517,6;513,2;560,2;
00:00:03,150;344,6;504,1;519,3;515,8;560,8;
00:00:03,200;374,3;504,9;520,9;518,3;561,4;
00:00:03,250;371,7;493,2;507,2;513,2;556,4;
00:00:03,300;262,1;496,8;515,4;527,7;562,3;
00:00:03,350;369,5;494,9;506,9;521,1;553,0;
00:00:03,400;373,9;488,5;503,9;519,2;548,3;
00:00:03,450;335,9;479,5;503,4;514,4;543,3;
00:00:03,500;151,4;498,9;522,6;514,7;544,2;
00:00:03,550;368,5;495,1;515,0;507,5;546,4;
00:00:03,600;372,3;489,8;517,4;511,8;555,8;
00:00:03,650;356,4;504,9;530,6;519,9;565,3;
00:00:03,700;156,7;520,4;541,8;527,0;568,4;
00:00:03,750;363,6;498,6;518,5;512,0;557,2;
00:00:03,800;384,5;496,2;517,9;510,6;557,4;
00:00:03,850;377,3;488,1;507,2;508,3;550,5;
00:00:03,900;215,9;492,7;515,1;523,3;559,0;
00:00:03,950;379,4;486,4;504,6;517,3;546,5;
00:00:04,000;368,5;480,8;499,4;513,0;542,9;
00:00:04,050;368,5;480,8;499,4;513,0;542,9;
00:00:04,100;151,0;490,0;522,0;518,3;543,2;
00:00:04,150;323,7;489,9;512,0;506,3;545,3;
00:00:04,200;366,3;486,3;515,2;511,6;552,9;
00:00:04,250;361,1;493,8;518,1;513,6;559,0;
00:00:04,300;361,1;493,8;518,1;513,6;559,0;
00:00:04,350;352,4;498,3;514,0;508,6;555,0;
00:00:04,400;368,9;500,4;516,5;514,1;557,0;
00:00:04,450;363,9;490,6;506,7;510,2;553,0;
00:00:04,500;357,2;491,1;512,7;527,3;561,0;
00:00:04,550;357,2;491,1;512,7;527,3;561,0;
00:00:04,600;341,1;486,4;499,4;516,7;545,8;
00:00:04,650;361,2;472,3;486,9;506,6;535,6;
00:00:04,700;360,0;473,5;507,5;515,7;541,3;
00:00:04,750;256,2;492,9;511,8;509,6;540,8;
00:00:04,800;362,9;487,6;511,4;508,2;549,7;
00:00:04,850;360,3;484,8;511,1;511,2;553,8;
00:00:04,900;344,1;509,2;528,1;521,2;562,6;
00:00:04,950;359,2;499,2;515,1;513,4;554,9;
00:00:05,000;360,3;495,3;511,4;510,7;552,8;
00:00:05,050;361,4;491,4;507,6;508,0;550,7;
00:00:05,100;358,2;483,0;502,1;515,0;555,4;
00:00:05,150;227,9;489,9;505,5;521,8;550,4;
00:00:05,200;354,2;485,3;498,8;516,5;544,2;
00:00:05,250;357,8;474,7;488,0;508,3;534,7;
00:00:05,300;356,8;476,7;502,7;512,0;538,4;
00:00:05,350;152,3;481,6;501,0;505,6;537,7;
00:00:05,400;345,1;488,2;506,6;506,9;544,8;
00:00:05,450;358,4;485,5;510,6;510,8;551,8;
00:00:05,500;355,8;507,9;526,7;521,7;562,2;
00:00:05,550;256,6;508,6;511,7;508,3;552,0;
00:00:05,600;290,1;494,2;507,6;508,4;550,4;
00:00:05,650;353,8;490,0;506,9;508,2;548,6;
00:00:05,700;356,4;479,4;496,0;503,0;545,9;
00:00:05,750;356,1;483,3;506,6;515,8;546,7;
00:00:05,800;285,9;469,7;487,9;499,2;526,3;
00:00:05,850;231,9;456,5;484,5;497,7;517,1;
00:00:05,900;249,3;443,5;471,3;485,1;502,4;
00:00:05,950;136,8;391,2;457,7;494,2;503,4;
00:00:06,000;130,9;300,3;412,3;489,8;502,6;
00:00:06,050;125,0;209,4;366,8;485,4;501,8;
00:00:06,100;125,0;176,8;443,7;483,4;490,0;
00:00:06,150;125,0;442,3;475,3;477,4;489,8;
00:00:06,200;125,0;500,9;486,9;487,9;501,8;
00:00:06,250;125,0;494,1;500,8;505,2;514,8;
00:00:06,300;125,0;321,0;478,8;516,8;519,8;
00:00:06,350;125,0;130,0;141,7;280,7;534,3;
00:00:06,400;125,0;126,1;131,0;133,9;223,1;
00:00:06,450;125,0;125,1;127,0;132,6;127,4;
00:00:06,500;440,9;125,3;125,3;127,2;130,5;
00:00:06,550;554,7;125,0;125,3;125,6;136,2;
00:00:06,600;561,6;126,4;125,1;126,7;125,7;
00:00:06,650;523,4;131,0;126,9;126,4;125,0;
00:00:06,700;527,7;138,6;128,7;125,6;125,0;
00:00:06,750;513,4;501,7;170,2;129,6;126,4;
00:00:06,800;479,5;573,9;528,9;138,1;128,5;
00:00:06,850;161,8;575,9;579,2;314,0;130,3;
00:00:06,900;476,4;558,7;573,2;551,7;180,3;
00:00:06,950;510,5;538,3;552,8;565,5;547,0;
00:00:07,000;480,4;531,3;546,4;567,8;554,9;
00:00:07,050;450,2;524,2;540,0;570,0;562,8;
00:00:07,100;405,2;527,7;536,9;563,0;567,8;
00:00:07,150;309,6;527,2;534,8;550,8;570,4;
00:00:07,200;388,8;530,1;533,6;552,6;580,5;
00:00:07,250;387,7;530,8;537,5;556,9;585,5;
00:00:07,300;384,7;526,0;542,5;557,6;582,1;
00:00:07,350;188,2;524,1;525,4;533,7;571,5;
00:00:07,400;359,1;523,5;526,9;538,1;573,2;
00:00:07,450;389,1;518,8;528,4;544,3;572,2;
00:00:07,500;389,1;520,2;529,3;547,8;576,5;
00:00:07,550;393,8;531,5;531,2;548,8;575,1;
00:00:07,600;282,1;518,1;529,4;544,7;566,3;
00:00:07,650;387,3;516,6;527,4;547,4;570,8;
00:00:07,700;388,9;519,8;521,2;542,2;568,7;
00:00:07,750;366,1;526,6;532,7;546,6;570,5;
00:00:07,800;270,3;523,6;525,7;544,0;570,4;
00:00:07,850;384,7;527,6;533,1;552,6;577,3;
00:00:07,900;386,9;523,9;541,5;557,7;578,8;
00:00:07,950;171,7;514,9;516,8;534,3;567,0;
00:00:08,000;277,9;516,0;521,8;538,9;567,0;
00:00:08,050;384,0;517,1;526,8;543,4;566,9;
00:00:08,100;384,0;517,1;526,8;543,4;566,9;
00:00:08,150;372,4;523,5;524,6;544,1;568,9;
00:00:08,200;304,0;516,2;530,5;542,1;561,0;
00:00:08,250;381,0;514,0;529,1;544,9;566,4;
00:00:08,300;381,1;517,8;521,4;540,5;567,0;
00:00:08,350;381,1;517,8;521,4;540,5;567,0;
00:00:08,400;196,6;515,3;519,1;535,1;564,1;
00:00:08,450;378,7;523,2;530,6;549,7;575,9;
00:00:08,500;379,4;517,9;538,0;555,3;577,1;
00:00:08,550;379,0;520,5;541,4;549,1;572,2;
00:00:08,600;379,0;520,5;541,4;549,1;572,2;
00:00:08,650;380,7;512,3;524,2;538,2;564,1;
00:00:08,700;378,6;508,9;519,7;537,7;564,6;
00:00:08,750;383,3;519,6;525,7;543,2;569,7;
00:00:08,800;179,7;509,8;521,2;536,9;558,4;
00:00:08,850;179,7;509,8;521,2;536,9;558,4;
00:00:08,900;381,0;511,3;519,7;539,2;564,1;
00:00:08,950;224,9;511,5;521,2;535,3;562,1;
00:00:09,000;293,5;515,6;523,6;539,5;566,1;
00:00:09,050;362,0;519,7;525,9;543,7;570,1;
00:00:09,100;362,0;519,7;525,9;543,7;570,1;
00:00:09,150;374,9;517,7;537,2;545,9;570,0;
00:00:09,200;204,9;510,4;512,9;527,8;561,4;
00:00:09,250;374,8;513,2;524,5;536,3;562,3;
00:00:09,300;375,9;507,3;520,5;537,2;562,9;
00:00:09,350;375,9;507,3;520,5;537,2;562,9;
00:00:09,400;228,0;508,4;513,9;531,8;557,7;
00:00:09,450;354,6;507,8;524,0;537,4;558,8;
00:00:09,500;372,8;506,7;511,5;530,5;561,2;
00:00:09,550;372,7;516,4;521,9;538,4;564,3;
00:00:09,600;274,2;513,5;521,6;535,6;561,1;
00:00:09,650;370,6;517,6;524,5;542,2;568,1;
00:00:09,700;372,6;518,9;530,0;548,0;572,1;
00:00:09,750;373,5;513,5;535,5;547,0;569,8;
00:00:09,800;176,6;503,8;509,8;524,1;559,3;
00:00:09,850;363,4;510,5;520,1;530,4;559,9;
00:00:09,900;371,8;504,6;517,3;532,5;558,9;
00:00:09,950;366,5;517,9;520,9;535,6;560,6;
00:00:10,000;323,0;511,8;520,9;534,3;557,6;
00:00:10,050;279,4;505,7;520,9;533,0;554,6;
00:00:10,100;370,7;501,3;515,7;533,5;558,4;
00:00:10,150;373,2;511,0;520,3;536,2;559,9;
00:00:10,200;213,7;499,9;513,3;528,7;555,5;
00:00:10,250;335,6;512,0;518,3;535,4;563,0;
00:00:10,300;368,8;513,6;527,1;544,7;569,3;
00:00:10,350;367,9;508,8;534,3;544,9;566,9;
00:00:10,400;280,4;512,9;523,9;530,7;558,8;
00:00:10,450;342,3;505,0;514,7;525,4;556,5;
00:00:10,500;365,9;500,1;512,0;527,6;554,8;
00:00:10,550;367,5;507,1;517,4;532,7;562,3;
00:00:10,600;174,7;497,5;508,6;525,7;551,7;
00:00:10,650;342,0;503,1;521,2;531,1;551,4;
00:00:10,700;367,2;499,2;507,0;526,1;554,4;
00:00:10,750;366,0;509,3;518,0;534,2;558,0;
00:00:10,800;358,1;510,6;524,5;534,8;557,5;
00:00:10,850;363,6;510,2;519,0;536,5;562,5;
00:00:10,900;364,1;510,7;524,7;542,8;566,8;
00:00:10,950;365,4;507,5;531,0;541,4;563,8;
00:00:11,000;166,0;496,5;502,7;517,1;551,5;
00:00:11,050;357,2;503,2;514,3;524,0;553,2;
00:00:11,100;363,7;497,9;512,5;526,8;553,5;
00:00:11,150;364,0;505,3;515,7;531,5;559,3;
00:00:11,200;355,2;511,8;514,9;528,6;553,6;
00:00:11,250;272,1;499,2;516,2;526,3;547,6;
00:00:11,300;364,7;494,8;510,5;527,4;551,1;
00:00:11,350;365,3;497,9;509,4;526,9;551,8;
00:00:11,400;332,9;503,4;516,3;530,7;553,6;
00:00:11,450;280,3;500,1;512,0;527,3;554,1;
00:00:11,500;361,2;509,1;520,7;537,4;562,9;
00:00:11,550;361,2;504,0;527,7;541,3;562,9;
00:00:11,600;321,5;505,0;522,8;531,7;557,3;
00:00:11,650;299,6;499,2;506,7;517,6;550,6;
00:00:11,700;361,5;496,6;511,5;523,8;548,9;
00:00:11,750;361,8;494,8;510,6;525,6;552,4;
00:00:11,800;366,3;507,8;515,4;530,6;555,7;
00:00:11,850;267,7;493,9;511,7;523,9;544,8;
00:00:11,900;345,1;495,3;515,8;527,2;546,5;
00:00:11,950;363,4;495,9;508,9;526,0;549,1;
00:00:12,000;356,3;503,9;517,0;529,5;551,0;
00:00:12,050;236,5;500,1;508,7;523,4;550,0;
00:00:12,100;357,8;505,5;518,8;535,7;559,3;
00:00:12,150;358,5;502,9;524,3;539,8;561,4;
00:00:12,200;360,0;501,9;527,2;536,4;558,7;
00:00:12,250;265,5;495,8;509,2;520,0;549,0;
00:00:12,300;354,6;496,0;510,7;521,6;545,4;
00:00:12,350;361,3;492,3;509,2;523,4;546,1;
00:00:12,400;362,3;498,7;511,4;527,1;550,4;
00:00:12,450;269,0;499,6;511,2;523,0;542,6;
00:00:12,500;317,6;496,6;508,1;523,4;543,5;
00:00:12,550;366,2;493,5;504,9;523,7;544,4;
00:00:12,600;370,2;502,9;520,9;531,8;549,1;
00:00:12,650;258,7;486,8;504,7;518,5;543,4;
00:00:12,700;360,4;504,3;517,2;532,7;557,0;
00:00:12,750;360,4;504,3;517,2;532,7;557,0;
00:00:12,800;360,4;504,3;517,2;532,7;557,0;
00:00:12,850;360,4;504,3;517,2;532,7;557,0;
00:00:12,900;360,4;504,3;517,2;532,7;557,0;
00:00:12,950;360,4;504,3;517,2;532,7;557,0;
00:00:13,000;360,4;504,3;517,2;532,7;557,0;
00:00:13,050;360,4;504,3;517,2;532,7;557,0;
00:00:13,100;360,4;504,3;517,2;532,7;557,0;
00:00:13,150;360,4;504,3;517,2;532,7;557,0;
00:00:13,200;360,4;504,3;517,2;532,7;557,0;
00:00:13,250;360,4;504,3;517,2;532,7;557,0;
00:00:13,300;360,4;504,3;517,2;532,7;557,0;
00:00:13,350;360,4;504,3;517,2;532,7;557,0;
00:00:13,400;360,4;504,3;517,2;532,7;557,0;
00:00:13,450;360,4;504,3;517,2;532,7;557,0;
00:00:13,500;360,4;504,3;517,2;532,7;557,0;
00:00:13,550;360,4;504,3;517,2;532,7;557,0;
00:00:13,600;360,4;504,3;517,2;532,7;557,0;
00:00:13,650;360,4;504,3;517,2;532,7;557,0;
00:00:13,700;360,4;504,3;517,2;532,7;557,0;
00:00:13,750;360,4;504,3;517,2;532,7;557,0;
00:00:13,800;360,4;504,3;517,2;532,7;557,0;
00:00:13,850;405,3;530,9;498,8;350,8;359,2;
00:00:13,900;419,0;554,3;553,6;184,8;125,0;
00:00:13,950;573,6;572,9;562,9;559,1;171,7;
00:00:14,000;521,4;553,5;573,1;567,4;509,0;
00:00:14,050;311,3;534,2;574,8;569,7;567,5;
00:00:14,100;406,2;518,6;549,9;568,2;565,7;
00:00:14,150;456,5;526,6;542,9;571,9;564,0;
00:00:14,200;441,4;521,3;516,5;561,7;556,6;
00:00:14,250;441,3;523,4;522,7;565,0;563,0;
00:00:14,300;446,4;530,5;523,5;559,0;562,3;
00:00:14,350;423,5;525,7;517,3;552,5;558,5;
00:00:14,400;398,4;493,4;520,7;521,2;562,4;
00:00:14,450;426,2;533,7;532,8;559,2;558,3;
00:00:14,500;323,7;508,2;536,2;523,7;566,6;
00:00:14,550;396,8;513,0;536,1;527,8;569,1;
00:00:14,600;398,8;507,8;528,7;538,4;574,6;
00:00:14,650;397,7;522,1;539,2;548,4;581,2;
00:00:14,700;191,3;528,5;536,4;545,9;578,0;
00:00:14,750;390,3;512,7;526,7;535,4;570,2;
00:00:14,800;397,2;506,2;521,7;522,7;564,3;
00:00:14,850;396,2;499,2;518,9;521,6;564,9;
00:00:14,900;324,6;506,5;529,6;525,4;568,5;
00:00:14,950;394,7;495,7;523,4;516,1;560,5;
00:00:15,000;427,5;509,0;508,3;545,6;550,8;
00:00:15,050;391,5;494,3;524,4;519,8;560,6;
00:00:15,100;390,7;508,3;531,2;518,1;561,2;
00:00:15,150;424,2;522,9;526,4;562,1;557,0;
00:00:15,200;393,4;503,2;525,0;532,0;570,3;
00:00:15,250;275,4;521,4;536,3;548,4;578,9;
00:00:15,300;311,3;518,9;518,4;561,5;556,4;
00:00:15,350;369,4;510,0;522,2;532,6;567,8;
00:00:15,400;394,0;503,4;520,4;525,4;562,7;
00:00:15,450;392,7;498,1;520,4;521,5;562,3;
00:00:15,500;174,7;497,3;517,6;516,9;561,6;
00:00:15,550;388,0;502,0;528,3;519,7;561,8;
00:00:15,600;390,6;490,6;517,6;510,9;555,0;
00:00:15,650;389,2;487,2;521,7;520,9;558,9;
00:00:15,700;206,9;506,3;535,4;520,3;562,1;
00:00:15,750;381,3;502,3;526,0;517,8;559,9;
00:00:15,800;390,6;498,4;520,0;530,7;568,5;
00:00:15,850;390,6;503,9;523,4;533,6;571,1;
00:00:15,900;320,1;511,8;525,2;536,8;572,0;
00:00:15,950;387,4;500,4;518,3;523,1;561,2;
00:00:16,000;434,0;506,5;505,5;543,4;545,5;
00:00:16,050;383,6;492,5;514,4;515,4;558,7;
00:00:16,100;387,4;495,5;519,2;513,6;555,0;
00:00:16,150;302,0;507,9;511,6;537,1;549,6;
00:00:16,200;302,0;507,9;511,6;537,1;549,6;
00:00:16,250;195,5;497,2;526,8;521,3;557,8;
00:00:16,300;219,6;506,5;506,3;533,2;544,1;
00:00:16,350;382,4;498,3;519,0;511,5;555,0;
00:00:16,400;384,2;494,9;516,2;527,5;564,3;
00:00:16,450;384,2;494,9;516,2;527,5;564,3;
00:00:16,500;166,4;514,8;524,7;533,7;568,9;
00:00:16,550;377,8;503,2;517,4;526,5;561,4;
00:00:16,600;385,5;496,4;514,5;518,9;556,2;
00:00:16,650;384,1;486,7;508,4;511,7;556,0;
00:00:16,700;384,1;486,7;508,4;511,7;556,0;
00:00:16,750;372,0;492,4;517,0;508,9;553,5;
00:00:16,800;381,4;481,3;508,9;503,6;548,2;
00:00:16,850;382,4;478,3;502,3;503,2;545,8;
00:00:16,900;303,3;489,5;518,6;512,2;552,7;
00:00:16,950;303,3;489,5;518,6;512,2;552,7;
00:00:17,000;424,6;508,0;514,4;554,0;549,5;
00:00:17,050;384,0;496,5;516,8;527,8;563,5;
00:00:17,100;336,9;500,5;510,3;523,3;557,3;
00:00:17,150;359,2;497,3;511,5;521,4;556,2;
00:00:17,200;359,2;497,3;511,5;521,4;556,2;
00:00:17,250;326,5;487,4;517,6;517,3;559,0;
00:00:17,300;401,3;496,9;501,4;534,7;545,1;
00:00:17,350;329,1;486,9;510,1;506,6;550,1;
00:00:17,400;375,9;478,7;507,6;502,3;546,6;
00:00:17,450;375,9;478,7;507,6;502,3;546,6;
00:00:17,500;170,9;495,4;522,4;510,5;551,4;
00:00:17,550;370,3;491,5;514,5;500,6;544,1;
00:00:17,600;375,5;487,6;511,1;518,1;556,6;
00:00:17,650;376,0;492,4;513,6;523,9;562,1;
00:00:17,700;376,0;492,4;513,6;523,9;562,1;
00:00:17,750;332,8;495,0;508,5;519,2;556,3;
00:00:17,800;373,8;487,7;507,5;513,1;551,4;
00:00:17,850;373,7;481,3;499,0;502,0;545,1;
00:00:17,900;274,4;484,0;508,0;509,2;551,5;
00:00:17,950;274,4;484,0;508,0;509,2;551,5;
00:00:18,000;395,3;486,4;493,0;519,6;531,2;
00:00:18,050;370,1;470,8;496,8;499,4;539,4;
00:00:18,100;339,2;487,4;509,2;496,4;543,0;
00:00:18,150;349,1;507,9;507,8;540,3;537,5;
00:00:18,200;349,1;507,9;507,8;540,3;537,5;
00:00:18,250;366,9;498,2;519,5;529,3;563,6;
00:00:18,300;420,4;511,5;508,9;546,9;543,4;
00:00:18,350;273,9;496,3;508,9;518,9;554,2;
00:00:18,400;370,7;486,7;506,3;514,9;550,6;
00:00:18,450;370,7;486,7;506,3;514,9;550,6;
00:00:18,500;224,1;484,5;514,0;512,2;552,8;
00:00:18,550;340,4;483,5;507,1;502,1;545,8;
00:00:18,600;370,6;476,9;506,0;499,4;541,9;
00:00:18,650;372,8;467,9;495,0;495,2;536,5;
00:00:18,700;372,8;467,9;495,0;495,2;536,5;
00:00:18,750;272,2;487,3;512,0;502,1;542,2;
00:00:18,800;370,8;481,6;509,5;516,8;551,0;
00:00:18,850;371,5;480,6;501,7;514,0;551,0;
00:00:18,900;299,7;494,7;515,1;526,4;559,4;
00:00:18,950;299,7;494,7;515,1;526,4;559,4;
00:00:19,000;423,8;497,4;497,8;535,2;529,2;
00:00:19,050;368,3;476,6;496,8;502,0;541,3;
00:00:19,100;216,4;475,0;498,2;499,7;543,6;
00:00:19,150;340,5;497,3;496,1;531,9;533,9;
00:00:19,200;364,8;474,9;505,1;499,0;540,9;
00:00:19,250;364,4;466,9;504,4;505,5;541,0;
00:00:19,300;397,6;509,4;504,8;531,7;528,5;
00:00:19,350;275,8;484,1;511,3;498,7;539,9;
00:00:19,400;364,4;478,0;506,2;510,9;546,8;
00:00:19,450;362,8;479,6;500,8;512,5;551,0;
00:00:19,500;218,6;492,5;512,5;522,8;558,7;
00:00:19,550;335,0;488,6;496,7;508,2;547,7;
00:00:19,600;364,4;480,2;500,0;508,0;544,5;
00:00:19,650;363,4;471,8;490,3;494,0;535,4;
00:00:19,700;350,4;469,1;498,0;503,6;544,3;
00:00:19,750;273,0;476,3;496,4;497,8;537,0;
00:00:19,800;363,5;466,2;490,8;492,6;529,2;
00:00:19,850;368,6;459,7;477,1;485,7;518,2;
00:00:19,900;387,9;451,8;473,9;502,1;517,2;
00:00:19,950;193,3;332,1;481,1;503,9;497,0;
00:00:20,000;466,9;477,7;501,0;505,6;525,4;
00:00:20,050;442,6;446,9;476,0;506,4;507,4;
00:00:20,100;125,0;457,8;477,2;495,2;501,7;
00:00:20,150;125,0;483,5;497,6;511,6;515,3;
00:00:20,200;125,0;479,1;491,3;511,5;508,8;
00:00:20,250;125,0;513,2;511,5;502,1;511,2;
00:00:20,300;125,0;531,6;522,5;523,7;519,0;
00:00:20,350;125,0;367,3;426,8;522,6;525,8;
00:00:20,400;125,0;125,0;133,5;173,8;269,8;
00:00:20,450;125,0;125,0;125,0;132,3;133,9;
00:00:20,500;125,0;125,0;125,0;125,0;139,1;
00:00:20,550;125,0;125,0;125,0;125,0;126,9;
00:00:20,600;334,8;125,0;125,0;125,0;125,0;
00:00:20,650;557,4;125,0;125,0;125,0;125,0;
00:00:20,700;569,2;125,0;125,0;125,0;125,0;
00:00:20,750;541,0;146,2;125,0;125,0;125,0;
00:00:20,800;508,9;540,7;167,2;125,0;125,0;
00:00:20,850;504,7;577,7;532,1;131,3;125,0;
00:00:20,900;341,6;562,1;558,7;421,9;125,0;
00:00:20,950;483,9;535,4;560,8;555,4;537,7;
00:00:21,000;538,6;539,7;561,0;555,8;374,4;
00:00:21,050;495,3;523,3;539,7;558,0;553,4;
00:00:21,100;458,7;516,1;522,0;547,5;553,1;
00:00:21,150;433,0;546,7;542,2;571,3;562,7;
00:00:21,200;331,1;513,6;542,2;541,0;565,6;
00:00:21,250;370,8;504,7;528,6;516,1;566,8;
00:00:21,300;366,1;501,9;523,1;518,8;567,3;
00:00:21,350;361,3;499,1;517,5;521,5;567,7;
00:00:21,400;333,7;519,2;531,0;537,7;579,2;
00:00:21,450;301,5;519,2;521,4;536,2;574,8;
00:00:21,500;371,5;504,9;518,2;541,6;573,9;
00:00:21,550;367,4;506,5;510,1;530,1;563,1;
00:00:21,600;288,9;516,0;525,0;536,8;565,8;
00:00:21,650;347,4;507,1;518,9;525,8;560,0;
00:00:21,700;361,5;496,1;515,9;525,4;558,3;
00:00:21,750;357,2;496,6;513,6;518,3;553,1;
00:00:21,800;353,8;507,2;531,6;539,9;565,6;
00:00:21,850;208,7;503,5;519,5;521,9;558,9;
00:00:21,900;357,0;499,6;520,3;512,8;559,8;
00:00:21,950;356,4;509,8;526,5;534,0;575,6;
00:00:22,000;434,8;524,2;526,0;559,4;566,5;
00:00:22,050;267,5;518,4;523,5;535,2;573,7;
00:00:22,100;355,2;500,2;504,7;527,3;560,3;
00:00:22,150;328,9;505,4;511,1;530,5;561,5;
00:00:22,200;302,6;510,6;517,4;533,6;562,6;
00:00:22,250;353,0;493,5;511,2;523,4;554,1;
00:00:22,300;351,4;492,6;508,0;517,4;550,0;
00:00:22,350;349,8;491,6;504,8;511,3;545,8;
00:00:22,400;350,4;497,9;523,7;534,9;560,3;
00:00:22,450;262,6;500,9;520,5;521,7;555,7;
00:00:22,500;353,0;493,0;514,8;508,4;555,7;
00:00:22,550;356,4;488,8;508,7;509,8;557,4;
00:00:22,600;329,9;506,3;523,6;532,0;573,0;
00:00:22,650;309,9;512,2;513,0;527,1;568,9;
00:00:22,700;356,0;507,8;518,2;536,9;571,4;
00:00:22,750;350,4;497,9;502,3;524,9;558,5;
00:00:22,800;322,0;506,7;516,3;529,9;560,1;
00:00:22,850;273,2;500,8;504,4;520,7;549,4;
00:00:22,900;350,3;490,4;504,1;516,0;547,1;
00:00:22,950;345,3;491,7;515,7;527,1;554,5;
00:00:23,000;308,1;495,7;516,2;525,2;553,1;
00:00:23,050;270,8;499,6;516,7;523,3;551,7;
00:00:23,100;348,0;484,7;501,7;503,9;550,4;
00:00:23,150;409,6;498,3;515,1;545,7;558,8;
00:00:23,200;339,6;497,7;514,2;525,1;566,6;
00:00:23,250;349,4;505,3;513,6;531,4;565,9;
00:00:23,300;415,5;500,0;518,4;547,8;554,5;
00:00:23,350;347,3;494,5;499,9;523,9;556,0;
00:00:23,400;341,4;499,1;505,9;523,6;555,1;
00:00:23,450;259,6;501,8;510,7;523,1;550,3;
00:00:23,500;348,0;484,4;502,4;516,5;546,9;
00:00:23,550;343,9;484,1;496,3;502,0;536,0;
00:00:23,600;345,3;490,8;514,0;522,8;551,9;
00:00:23,650;187,8;492,1;510,6;515,9;550,8;
00:00:23,700;346,9;495,2;518,7;510,8;552,8;
00:00:23,750;345,1;484,2;502,6;505,1;551,7;
00:00:23,800;340,5;497,1;515,0;525,5;565,5;
00:00:23,850;169,6;508,7;515,5;526,2;564,8;
00:00:23,900;341,5;499,1;506,7;526,5;560,5;
00:00:23,950;341,1;493,0;497,4;518,3;550,7;
00:00:24,000;428,4;508,0;525,1;545,0;546,3;
00:00:24,050;286,4;498,8;508,5;521,9;550,7;
00:00:24,100;341,4;479,9;495,8;503,9;538,1;
00:00:24,150;417,8;489,0;499,9;523,3;537,0;
00:00:24,200;344,1;484,4;506,7;513,1;544,5;
00:00:24,250;328,3;492,0;512,9;509,8;546,9;
00:00:24,300;384,6;499,1;506,3;528,5;544,2;
00:00:24,350;340,7;480,5;501,6;501,0;546,9;
00:00:24,400;339,3;484,5;505,5;518,2;559,0;
00:00:24,450;285,6;501,1;507,7;520,8;560,4;
00:00:24,500;341,2;497,1;507,2;527,1;559,8;
00:00:24,550;340,1;483,0;493,4;521,2;553,0;
00:00:24,600;339,6;487,9;492,0;512,2;545,6;
00:00:24,650;339,6;487,9;492,0;512,2;545,6;
00:00:24,700;339,6;487,9;492,0;512,2;545,6;
00:00:24,750;339,6;487,9;492,0;512,2;545,6;
00:00:24,800;339,6;487,9;492,0;512,2;545,6;
00:00:24,850;339,6;487,9;492,0;512,2;545,6;
00:00:24,900;339,6;487,9;492,0;512,2;545,6;
00:00:24,950;339,6;487,9;492,0;512,2;545,6;
00:00:25,000;417,8;487,5;503,4;532,8;539,3;
00:00:25,050;339,6;487,9;492,0;512,2;545,6;
00:00:25,100;339,6;487,9;492,0;512,2;545,6;
00:00:25,150;417,8;487,5;503,4;532,8;539,3;
00:00:25,200;339,6;487,9;492,0;512,2;545,6;
00:00:25,250;339,6;487,9;492,0;512,2;545,6;
00:00:25,300;417,8;487,5;503,4;532,8;539,3;
00:00:25,350;339,6;487,9;492,0;512,2;545,6;
00:00:25,400;339,6;487,9;492,0;512,2;545,6;
00:00:25,450;339,6;487,9;492,0;512,2;545,6;
00:00:25,500;339,6;487,9;492,0;512,2;545,6;
00:00:25,550;339,6;487,9;492,0;512,2;545,6;
00:00:25,600;339,6;487,9;492,0;512,2;545,6;
00:00:25,650;339,6;487,9;492,0;512,2;545,6;
00:00:25,700;339,6;487,9;492,0;512,2;545,6;
00:00:25,750;338,6;484,4;495,0;519,4;551,8;
00:00:25,800;343,7;483,3;491,7;511,5;545,2;
00:00:25,850;343,4;491,2;507,8;521,1;550,4;
00:00:25,900;268,8;484,3;499,9;510,6;542,0;
00:00:25,950;359,2;475,1;495,3;496,4;533,9;
00:00:26,000;353,4;480,7;506,3;506,9;540,7;
00:00:26,050;347,6;486,3;517,3;517,3;547,4;
00:00:26,100;365,9;485,7;515,5;501,7;547,5;
00:00:26,150;367,3;481,3;509,4;503,8;548,3;
00:00:26,200;368,6;476,9;503,3;505,8;549,1;
00:00:26,250;173,4;493,0;501,0;514,6;553,6;
00:00:26,300;270,6;490,5;502,8;519,6;554,4;
00:00:26,350;367,7;488,0;504,6;524,6;555,2;
00:00:26,400;381,1;478,1;492,0;511,9;541,8;
00:00:26,450;385,6;489,9;510,0;520,0;545,2;
00:00:26,500;281,0;484,7;504,9;511,5;540,1;
00:00:26,550;383,6;477,7;504,4;510,0;539,7;
00:00:26,600;375,0;472,3;499,6;501,5;534,4;
00:00:26,650;364,7;486,8;522,8;520,5;547,5;
00:00:26,700;179,1;479,2;505,4;504,4;541,2;
00:00:26,750;344,5;477,6;504,9;497,1;543,1;
00:00:26,800;346,3;470,2;491,2;500,0;544,4;
00:00:26,850;344,6;483,7;506,2;516,7;555,9;
00:00:26,900;225,2;489,2;497,5;509,8;542,3;
00:00:26,950;333,8;453,7;476,6;497,6;518,9;
00:00:27,000;374,2;455,4;478,7;495,9;514,5;
00:00:27,050;414,5;457,1;480,8;494,2;510,0;
00:00:27,100;200,8;465,5;494,8;511,1;505,8;
00:00:27,150;164,1;476,5;493,1;507,5;505,8;
00:00:27,200;127,4;487,4;491,4;503,8;505,7;
00:00:27,250;125,0;503,0;504,7;498,0;494,5;
00:00:27,300;125,0;503,7;501,1;498,2;501,5;
00:00:27,350;125,0;504,3;497,5;498,4;508,4;
00:00:27,400;125,0;157,0;290,5;496,7;517,3;
00:00:27,450;125,0;125,8;130,7;150,2;192,3;
00:00:27,500;125,0;125,0;125,0;131,0;132,3;
00:00:27,550;125,0;125,0;125,0;125,0;137,8;
00:00:27,600;148,0;125,0;125,0;125,0;125,0;
00:00:27,650;531,0;125,0;125,0;125,0;125,0;
00:00:27,700;561,6;125,0;125,0;125,0;125,8;
00:00:27,750;568,6;125,0;125,0;125,3;125,0;
00:00:27,800;523,2;148,5;125,0;126,6;125,0;
00:00:27,850;523,8;470,9;143,3;125,0;125,0;
00:00:27,900;498,5;563,4;449,4;126,4;125,0;
00:00:27,950;294,4;562,2;555,5;541,2;135,6;
00:00:28,000;394,9;550,0;560,9;549,4;306,1;
00:00:28,050;495,4;537,8;566,3;557,5;476,6;
00:00:28,100;498,1;543,8;534,3;571,5;560,3;
00:00:28,150;430,0;539,1;531,0;564,6;559,5;
00:00:28,200;361,8;534,3;527,7;557,6;558,6;
00:00:28,250;425,7;520,4;543,8;539,3;575,9;
00:00:28,300;418,6;521,6;542,1;540,4;579,3;
00:00:28,350;411,4;522,8;540,4;541,4;582,7;
00:00:28,400;352,9;533,2;543,4;554,5;586,9;
00:00:28,450;373,6;512,9;523,5;545,2;580,3;
00:00:28,500;401,6;511,2;520,2;544,0;576,5;
00:00:28,550;390,8;505,7;516,6;541,8;576,3;
00:00:28,600;325,6;509,6;526,8;537,9;572,9;
00:00:28,650;391,2;510,9;529,1;529,3;565,9;
00:00:28,700;391,6;507,8;532,8;532,3;571,2;
00:00:28,750;389,7;509,8;537,3;531,7;569,6;
00:00:28,800;237,3;518,6;537,9;522,3;563,0;
00:00:28,850;374,4;513,4;536,6;520,5;564,1;
00:00:28,900;396,5;513,9;540,0;529,2;574,6;
00:00:28,950;379,0;527,8;541,4;547,0;585,0;
00:00:29,000;366,3;518,6;531,0;543,6;581,2;
00:00:29,050;353,5;509,3;520,6;540,1;577,3;
00:00:29,100;380,3;502,0;510,5;532,0;569,8;
00:00:29,150;332,6;505,3;516,9;532,6;570,1;
00:00:29,200;284,9;508,5;523,2;533,1;570,3;
00:00:29,250;384,6;505,8;529,1;528,1;567,7;
00:00:29,300;384,8;504,8;530,0;527,9;566,9;
00:00:29,350;385,0;503,8;530,9;527,7;566,1;
00:00:29,400;318,7;516,8;542,7;527,2;564,3;
00:00:29,450;364,6;508,3;533,2;520,6;563,5;
00:00:29,500;386,3;507,5;534,1;523,5;572,9;
00:00:29,550;385,2;511,1;532,7;528,1;576,6;
00:00:29,600;291,1;521,0;533,8;541,8;579,1;
00:00:29,650;385,9;506,6;516,9;538,5;572,9;
00:00:29,700;392,2;503,8;515,8;540,2;573,2;
00:00:29,750;393,9;500,0;514,1;537,7;569,2;
00:00:29,800;299,6;510,9;530,3;541,9;570,6;
00:00:29,850;361,4;501,1;519,0;523,2;559,6;
00:00:29,900;383,1;501,0;525,1;525,3;563,7;
00:00:29,950;382,7;511,7;541,3;529,0;565,0;
00:00:30,000;343,4;507,4;535,4;523,0;562,2;
00:00:30,050;304,0;503,0;529,5;517,0;559,3;
00:00:30,100;378,6;506,5;529,8;522,6;573,2;
00:00:30,150;332,5;511,4;531,2;530,0;575,6;
00:00:30,200;286,3;516,3;532,6;537,4;578,0;
00:00:30,250;376,7;499,7;509,0;531,0;568,2;
00:00:30,300;374,2;497,2;507,9;529,6;566,5;
00:00:30,350;371,6;494,6;506,7;528,1;564,8;
00:00:30,400;356,0;507,1;527,9;540,3;570,9;
00:00:30,450;317,6;495,6;516,4;522,3;556,4;
00:00:30,500;386,8;496,7;524,2;525,5;562,7;
00:00:30,550;378,1;495,7;522,9;520,8;559,7;
00:00:30,600;281,8;500,0;527,5;518,2;558,0;
00:00:30,650;367,4;502,3;528,0;517,3;557,3;
00:00:30,700;370,8;500,7;529,3;522,5;565,3;
00:00:30,750;373,8;503,8;527,3;523,9;571,5;
00:00:30,800;355,0;517,9;534,3;541,6;578,2;
00:00:30,850;306,8;497,0;512,9;533,2;570,9;
00:00:30,900;383,3;497,6;510,5;533,3;566,0;
00:00:30,950;377,6;501,0;521,4;537,8;568,4;
00:00:31,000;331,7;497,5;517,3;527,7;561,1;
00:00:31,050;285,7;493,9;513,1;517,6;553,8;
00:00:31,100;373,8;490,8;517,9;517,8;558,0;
00:00:31,150;345,3;496,2;523,5;518,3;556,9;
00:00:31,200;316,8;501,5;529,0;518,8;555,8;
00:00:31,250;371,0;500,2;529,4;521,3;560,7;
00:00:31,300;370,2;499,6;526,7;520,4;564,2;
00:00:31,350;369,3;499,0;524,0;519,4;567,7;
00:00:31,400;365,5;511,9;529,9;535,4;574,1;
00:00:31,450;305,1;499,4;511,5;529,4;565,6;
00:00:31,500;381,4;492,9;507,9;531,5;564,0;
00:00:31,550;383,3;487,5;500,4;524,7;557,2;
00:00:31,600;318,0;495,5;516,5;531,5;561,0;
00:00:31,650;357,4;490,2;510,1;513,0;548,9;
00:00:31,700;372,8;491,9;515,8;516,7;553,5;
00:00:31,750;367,7;488,0;516,8;515,7;554,1;
00:00:31,800;338,3;501,6;532,1;518,8;555,3;
00:00:31,850;291,1;489,6;512,5;502,4;547,0;
00:00:31,900;367,2;495,7;524,3;515,9;558,5;
00:00:31,950;368,5;504,9;525,2;530,0;569,6;
00:00:32,000;325,7;502,9;519,6;529,6;567,3;
00:00:32,050;282,8;500,8;514,0;529,2;564,9;
00:00:32,100;376,6;486,1;499,7;522,3;554,9;
00:00:32,150;376,6;486,1;499,7;522,3;554,9;
00:00:32,200;348,9;489,8;511,6;529,8;560,2;
00:00:32,250;365,1;489,4;512,0;512,2;549,7;
00:00:32,300;364,1;486,5;512,3;512,4;550,7;
00:00:32,350;363,1;483,5;512,6;512,5;551,6;
00:00:32,400;363,1;483,5;512,6;512,5;551,6;
00:00:32,450;275,5;488,0;515,3;505,8;546,4;
00:00:32,500;367,0;492,8;522,4;515,2;557,9;
00:00:32,550;365,5;492,0;518,5;512,3;560,3;
00:00:32,600;339,9;503,0;522,9;529,4;567,1;
00:00:32,650;339,9;503,0;522,9;529,4;567,1;
00:00:32,700;372,2;487,7;503,0;524,2;557,3;
00:00:32,750;375,4;481,9;498,0;521,9;553,5;
00:00:32,800;368,7;490,9;513,7;529,1;559,6;
00:00:32,850;215,9;478,8;500,1;508,8;545,6;
00:00:32,900;215,9;478,8;500,1;508,8;545,6;
00:00:32,950;363,9;488,2;520,3;515,0;549,7;
00:00:33,000;326,0;490,1;517,7;508,8;546,2;
00:00:33,050;288,1;491,9;515,1;502,6;542,7;
00:00:33,100;368,5;489,2;517,4;511,1;556,4;
00:00:33,150;368,5;489,2;517,4;511,1;556,4;
00:00:33,200;371,9;498,3;519,3;525,0;562,8;
00:00:33,250;364,6;485,5;501,2;521,4;555,0;
00:00:33,300;365,4;482,6;498,3;519,7;553,1;
00:00:33,350;366,2;479,7;495,3;518,0;551,2;
00:00:33,400;366,2;479,7;495,3;518,0;551,2;
00:00:33,450;269,5;484,0;503,7;508,0;543,8;
00:00:33,500;355,5;481,0;507,6;509,4;546,8;
00:00:33,550;356,2;476,3;504,4;506,1;546,4;
00:00:33,600;332,8;487,3;517,6;510,2;545,7;
00:00:33,650;332,8;487,3;517,6;510,2;545,7;
00:00:33,700;366,0;489,7;519,3;510,9;549,0;
00:00:33,750;368,1;487,6;515,3;512,1;554,7;
00:00:33,800;366,8;497,1;518,1;525,1;561,6;
00:00:33,850;199,8;500,1;514,1;524,7;558,7;
00:00:33,900;199,8;500,1;514,1;524,7;558,7;
00:00:33,950;394,7;471,9;474,8;503,4;535,0;
00:00:34,000;411,3;470,2;481,2;504,9;527,9;
00:00:34,050;427,9;468,5;487,6;506,4;520,8;
00:00:34,100;477,0;468,7;484,6;506,9;502,4;
00:00:34,150;477,0;468,7;484,6;506,9;502,4;
00:00:34,200;234,2;470,1;483,5;502,4;502,3;
00:00:34,250;125,0;479,0;486,7;514,6;512,0;
00:00:34,300;125,0;488,0;496,1;512,8;507,4;
00:00:34,350;125,0;496,9;505,5;511,0;502,7;
00:00:34,400;125,0;496,9;505,5;511,0;502,7;
00:00:34,450;125,0;174,9;319,5;401,9;490,5;
00:00:34,500;125,0;125,0;126,0;137,2;151,3;
00:00:34,550;125,0;125,0;125,0;134,0;135,3;
00:00:34,600;125,0;125,0;125,0;125,0;136,6;
00:00:34,650;125,0;125,0;125,0;125,0;136,6;
00:00:34,700;521,2;125,0;125,0;125,0;125,0;
00:00:34,750;563,1;125,0;125,0;125,0;125,0;
00:00:34,800;547,4;125,0;125,0;125,0;125,0;
00:00:34,850;517,6;132,0;125,0;125,0;125,0;
00:00:34,900;517,6;132,0;125,0;125,0;125,0;
00:00:34,950;364,8;567,1;555,3;453,3;125,0;
00:00:35,000;318,2;560,4;560,4;500,6;225,2;
00:00:35,050;271,5;553,7;565,4;547,9;325,3;
00:00:35,100;527,5;540,8;554,4;571,7;558,4;
00:00:35,150;527,5;540,8;554,4;571,7;558,4;
00:00:35,200;501,2;533,5;543,7;576,0;568,5;
00:00:35,250;432,0;531,5;540,2;569,4;580,7;
00:00:35,300;416,0;531,0;540,3;565,3;581,5;
00:00:35,350;399,9;530,4;540,4;561,2;582,2;
00:00:35,400;399,9;530,4;540,4;561,2;582,2;
00:00:35,450;394,1;516,7;530,3;538,3;572,4;
00:00:35,500;388,9;505,2;524,6;537,9;572,9;
00:00:35,550;387,8;517,8;540,9;545,2;579,0;
00:00:35,600;286,2;514,7;527,0;530,0;566,9;
00:00:35,650;286,2;514,7;527,0;530,0;566,9;
00:00:35,700;379,6;507,5;517,3;527,1;560,4;
00:00:35,750;283,8;524,2;531,6;539,7;567,3;
00:00:35,800;369,5;516,2;518,7;537,1;564,3;
00:00:35,850;379,0;524,7;530,6;548,2;572,9;
00:00:35,900;379,0;524,7;530,6;548,2;572,9;
00:00:35,950;272,7;509,6;511,9;527,4;553,6;
00:00:36,000;323,3;510,6;512,8;526,1;552,0;
00:00:36,050;373,9;511,5;513,6;524,7;550,3;
00:00:36,100;356,1;506,0;515,6;535,9;563,6;
00:00:36,150;356,1;506,0;515,6;535,9;563,6;
00:00:36,200;288,2;514,2;515,4;521,2;554,1;
00:00:36,250;378,6;495,8;515,8;529,8;559,9;
00:00:36,300;385,7;503,7;523,7;533,9;563,4;
00:00:36,350;392,7;511,5;531,5;538,0;566,9;
00:00:36,400;392,7;511,5;531,5;538,0;566,9;
00:00:36,450;376,1;517,2;531,5;549,8;572,9;
00:00:36,500;393,4;522,8;536,4;556,4;580,5;
00:00:36,550;379,7;523,7;536,4;553,4;579,1;
00:00:36,600;319,4;515,0;525,0;538,6;569,9;
00:00:36,650;319,4;515,0;525,0;538,6;569,9;
00:00:36,700;322,4;508,6;517,4;529,4;565,7;
00:00:36,750;322,4;508,6;517,4;529,4;565,7;
00:00:36,800;322,4;508,6;517,4;529,4;565,7;
00:00:36,850;322,4;508,6;517,4;529,4;565,7;
00:00:36,900;322,4;508,6;517,4;529,4;565,7;
00:00:36,950;322,4;508,6;517,4;529,4;565,7;
00:00:37,000;322,4;508,6;517,4;529,4;565,7;
00:00:37,050;322,4;508,6;517,4;529,4;565,7;
00:00:37,100;322,4;508,6;517,4;529,4;565,7;
00:00:37,150;322,4;508,6;517,4;529,4;565,7;
00:00:37,200;322,4;508,6;517,4;529,4;565,7;
00:00:37,250;322,4;508,6;517,4;529,4;565,7;
00:00:37,300;322,4;508,6;517,4;529,4;565,7;
00:00:37,350;322,4;508,6;517,4;529,4;565,7;
00:00:37,400;322,4;508,6;517,4;529,4;565,7;
00:00:37,450;322,4;508,6;517,4;529,4;565,7;
00:00:37,500;322,4;508,6;517,4;529,4;565,7;
00:00:37,550;322,4;508,6;517,4;529,4;565,7;
00:00:37,600;322,4;508,6;517,4;529,4;565,7;
00:00:37,650;322,4;508,6;517,4;529,4;565,7;
00:00:37,700;322,4;508,6;517,4;529,4;565,7;
00:00:37,750;357,9;513,9;525,5;541,4;570,9;
00:00:37,800;375,5;517,4;532,4;547,4;573,0;
00:00:37,850;323,8;502,8;515,0;531,1;565,1;
00:00:37,900;323,8;502,8;515,0;531,1;565,1;
00:00:37,950;390,4;507,6;533,9;539,5;571,2;
00:00:38,000;346,6;504,7;527,6;533,3;565,6;
00:00:38,050;302,7;501,8;521,2;527,0;559,9;
00:00:38,100;401,9;493,8;518,5;529,4;554,9;
00:00:38,150;401,9;493,8;518,5;529,4;554,9;
00:00:38,200;402,5;511,2;531,1;540,1;560,2;
00:00:38,250;393,6;511,9;529,0;545,8;569,4;
00:00:38,300;391,3;513,5;530,3;548,2;572,3;
00:00:38,350;389,0;515,0;531,6;550,5;575,1;
00:00:38,400;382,9;515,4;532,1;546,4;572,1;
00:00:38,450;280,4;504,8;517,6;528,3;561,7;
00:00:38,500;378,1;500,3;519,1;528,0;560,9;
00:00:38,550;378,9;492,1;514,4;524,4;559,4;
00:00:38,600;372,1;500,4;525,5;532,0;565,5;
00:00:38,650;312,8;492,1;511,4;517,1;554,6;
00:00:38,700;374,7;493,7;523,3;526,4;555,1;
00:00:38,750;368,1;488,8;515,7;523,0;555,0;
00:00:38,800;358,5;509,6;528,7;534,4;560,9;
00:00:38,850;262,2;497,9;510,7;526,2;556,6;
00:00:38,900;362,3;507,6;521,9;538,2;564,3;
00:00:38,950;362,9;510,6;526,1;542,4;568,9;
00:00:39,000;326,8;506,7;521,1;535,8;565,3;
00:00:39,050;290,7;502,7;516,1;529,1;561,6;
00:00:39,100;384,4;494,6;515,2;525,2;557,8;
00:00:39,150;384,5;493,8;518,0;527,9;560,2;
00:00:39,200;384,6;492,9;520,8;530,5;562,5;
00:00:39,250;370,1;493,9;518,6;519,9;550,5;
00:00:39,300;369,8;488,4;516,4;520,7;550,6;
00:00:39,350;369,4;482,8;514,2;521,4;550,7;
00:00:39,400;365,9;499,9;522,9;528,1;556,5;
00:00:39,450;300,3;502,3;520,0;528,5;555,3;
00:00:39,500;363,3;506,0;523,1;537,1;563,4;
00:00:39,550;365,3;508,1;525,3;542,2;568,9;
00:00:39,600;371,3;508,1;526,0;542,0;568,1;
00:00:39,650;170,6;498,3;511,4;525,1;556,9;
00:00:39,700;374,2;497,1;512,0;522,0;554,0;
00:00:39,750;381,4;490,5;511,4;522,0;554,2;
00:00:39,800;375,8;485,2;518,6;531,2;562,2;
00:00:39,850;332,9;503,5;520,8;521,5;557,8;
00:00:39,900;347,2;486,0;512,0;515,9;548,4;
00:00:39,950;362,4;487,4;512,4;519,0;550,1;
00:00:40,000;324,6;492,6;514,6;522,4;552,2;
00:00:40,050;286,7;497,8;516,7;525,7;554,3;
00:00:40,100;366,1;505,1;523,0;538,6;565,0;
00:00:40,150;366,1;504,9;522,8;539,2;565,6;
00:00:40,200;366,1;504,6;522,6;539,8;566,1;
00:00:40,250;336,5;491,2;504,0;514,6;550,8;
00:00:40,300;346,0;490,0;505,5;515,4;550,1;
00:00:40,350;355,4;488,7;506,9;516,2;549,3;
00:00:40,400;353,8;476,0;502,5;519,0;553,7;
00:00:40,450;284,9;490,2;512,3;516,4;553,3;
00:00:40,500;356,5;486,1;512,0;514,0;544,0;
00:00:40,550;359,1;473,4;508,6;518,5;545,0;
00:00:40,600;358,8;485,4;510,0;516,4;546,4;
00:00:40,650;246,0;502,3;522,4;525,5;550,4;
00:00:40,700;338,5;489,3;506,7;520,7;549,7;
00:00:40,750;361,9;500,7;519,9;535,5;561,6;
00:00:40,800;359,7;501,5;520,7;537,5;564,6;
00:00:40,850;358,4;502,1;520,3;534,4;560,4;
00:00:40,900;267,0;489,7;502,4;514,4;547,0;
00:00:40,950;361,5;481,6;486,6;506,9;533,2;
00:00:41,000;377,0;477,6;488,2;511,3;532,7;
00:00:41,050;392,5;473,6;489,7;515,6;532,1;
00:00:41,100;237,6;448,6;484,7;509,0;510,7;
00:00:41,150;356,5;459,8;484,1;511,6;512,3;
00:00:41,200;475,4;470,9;483,5;514,1;513,8;
00:00:41,250;128,1;479,6;486,8;507,6;514,9;
00:00:41,300;126,6;486,7;497,1;512,8;519,4;
00:00:41,350;125,0;493,8;507,3;517,9;523,8;
00:00:41,400;125,0;506,0;514,9;517,7;519,1;
00:00:41,450;125,0;383,4;492,4;527,5;535,2;
00:00:41,500;125,0;130,0;149,3;327,6;482,7;
00:00:41,550;125,0;125,0;130,0;158,0;162,6;
00:00:41,600;125,0;125,0;125,0;132,3;141,5;
00:00:41,650;125,0;125,0;125,0;125,0;139,9;
00:00:41,700;126,3;125,0;125,0;125,0;125,0;
00:00:41,750;469,9;125,0;125,0;125,0;125,0;
00:00:41,800;559,0;125,0;125,0;125,0;125,0;
00:00:41,850;560,8;125,5;125,0;125,0;125,0;
00:00:41,900;519,1;153,9;127,0;125,0;125,0;
00:00:41,950;500,8;575,8;518,4;137,7;125,0;
00:00:42,000;440,5;570,1;537,3;259,2;125,0;
00:00:42,050;380,1;564,4;556,2;380,7;125,0;
00:00:42,100;491,8;531,2;561,6;553,5;526,6;
00:00:42,150;449,3;529,3;554,8;558,5;540,4;
00:00:42,200;406,8;527,3;548,0;563,5;554,2;
00:00:42,250;471,6;532,8;513,3;563,0;563,5;
00:00:42,300;452,8;524,3;516,4;553,5;566,6;
00:00:42,350;433,9;515,7;519,5;543,9;569,6;
00:00:42,400;407,8;520,2;538,5;538,2;576,3;
00:00:42,450;335,4;519,5;536,6;529,6;574,7;
00:00:42,500;395,2;508,7;532,7;530,2;573,1;
00:00:42,550;392,5;502,5;528,2;525,0;569,3;
00:00:42,600;387,1;505,8;524,1;529,0;573,6;
00:00:42,650;222,1;508,2;518,5;529,8;569,0;
00:00:42,700;384,7;509,5;523,0;533,6;569,0;
00:00:42,750;383,0;502,5;513,0;527,7;563,8;
00:00:42,800;386,1;510,2;526,8;537,0;569,0;
00:00:42,850;250,4;521,5;534,0;531,9;569,2;
00:00:42,900;375,2;513,3;526,3;516,6;567,0;
00:00:42,950;384,5;508,0;531,8;524,7;574,5;
00:00:43,000;343,1;511,6;533,9;524,2;573,5;
00:00:43,050;301,6;515,2;536,0;523,7;572,4;
00:00:43,100;388,1;499,6;528,1;524,7;568,1;
00:00:43,150;389,4;499,0;523,0;524,2;568,4;
00:00:43,200;390,6;498,4;517,9;523,7;568,6;
00:00:43,250;368,4;503,1;512,4;529,8;565,8;
00:00:43,300;379,3;502,5;511,8;529,8;564,3;
00:00:43,350;390,2;501,9;511,2;529,8;562,8;
00:00:43,400;390,5;500,6;513,4;530,1;562,7;
00:00:43,450;312,3;509,0;521,6;526,8;564,6;
00:00:43,500;385,5;512,0;525,4;515,8;564,3;
00:00:43,550;381,1;499,8;521,3;516,2;567,7;
00:00:43,600;374,8;506,3;532,3;520,4;572,5;
00:00:43,650;171,9;512,6;532,3;515,5;567,1;
00:00:43,700;369,8;504,1;526,8;519,2;564,8;
00:00:43,750;377,2;494,8;521,8;518,9;564,1;
00:00:43,800;377,1;490,9;512,0;517,6;565,8;
00:00:43,850;302,6;509,1;528,3;533,7;571,9;
00:00:43,900;349,0;498,9;514,1;526,3;564,3;
00:00:43,950;372,2;494,5;507,2;519,3;558,3;
00:00:44,000;328,8;501,5;515,6;520,3;559,8;
00:00:44,050;285,3;508,5;523,9;521,3;561,2;
00:00:44,100;372,6;499,5;522,1;511,2;563,8;
00:00:44,150;375,3;499,8;522,9;514,4;565,5;
00:00:44,200;378,0;500,0;523,6;517,6;567,2;
00:00:44,250;285,4;499,5;520,0;514,1;563,2;
00:00:44,300;329,5;496,6;521,0;515,9;563,0;
00:00:44,350;373,6;493,7;522,0;517,7;562,8;
00:00:44,400;367,7;487,6;507,0;507,0;559,3;
00:00:44,450;309,8;498,6;517,5;522,2;564,2;
00:00:44,500;367,5;499,5;514,7;522,4;558,2;
00:00:44,550;366,0;493,3;510,6;522,8;559,0;
00:00:44,600;363,4;494,5;510,6;518,5;555,9;
00:00:44,650;186,5;510,1;528,4;522,9;563,2;
00:00:44,700;353,9;501,6;516,2;501,4;554,2;
00:00:44,750;364,6;495,1;518,5;507,3;560,5;
00:00:44,800;366,1;495,6;522,3;512,9;565,7;
00:00:44,850;370,8;508,0;535,9;518,9;566,2;
00:00:44,900;280,9;500,0;522,6;513,6;561,1;
00:00:44,950;375,3;485,6;507,6;508,7;557,1;
00:00:45,000;352,0;491,1;511,8;517,1;561,3;
00:00:45,050;328,6;496,5;516,0;525,4;565,5;
00:00:45,100;380,1;497,1;512,0;526,2;558,2;
00:00:45,150;376,2;493,0;507,1;521,6;555,7;
00:00:45,200;372,3;488,9;502,1;517,0;553,2;
00:00:45,250;259,3;494,2;509,9;504,4;552,1;
00:00:45,300;312,8;494,8;513,1;505,4;555,1;
00:00:45,350;366,2;495,4;516,2;506,4;558,0;
00:00:45,400;364,6;490,8;514,9;509,0;560,6;
00:00:45,450;301,8;504,0;527,7;516,3;564,0;
00:00:45,500;349,0;495,6;516,3;511,0;558,0;
00:00:45,550;369,4;488,8;518,3;515,1;558,5;
00:00:45,600;368,6;482,1;505,9;508,8;555,3;
00:00:45,650;353,5;496,2;519,5;525,2;564,8;
00:00:45,700;287,8;485,9;502,8;514,6;555,1;
00:00:45,750;361,1;488,6;505,9;516,5;552,7;
00:00:45,800;356,3;483,9;497,4;507,4;546,7;
00:00:45,850;355,8;495,0;517,4;522,1;557,4;
00:00:45,900;267,1;499,9;515,7;504,4;551,5;
00:00:45,950;362,6;486,4;510,3;506,0;557,6;
00:00:46,000;364,3;492,5;517,6;510,3;559,5;
00:00:46,050;365,9;498,6;524,8;514,5;561,3;
00:00:46,100;363,9;489,4;516,5;512,0;556,2;
00:00:46,150;362,6;484,2;510,9;507,8;554,1;
00:00:46,200;361,3;479,0;505,3;503,5;551,9;
00:00:46,250;172,3;496,3;509,5;515,1;555,0;
00:00:46,300;263,4;491,2;506,8;514,2;552,5;
00:00:46,350;354,5;486,0;504,1;513,3;550,0;
00:00:46,400;352,0;479,2;492,2;503,5;543,1;
00:00:46,450;304,7;492,8;513,7;517,6;553,0;
00:00:46,500;317,7;486,7;503,4;496,7;545,9;
00:00:46,550;358,9;494,7;514,2;501,5;551,6;
00:00:46,600;358,9;483,4;508,8;504,3;555,0;
00:00:46,650;357,6;495,4;524,2;512,1;560,2;
00:00:46,700;170,9;493,7;515,7;503,7;553,4;
00:00:46,750;353,4;482,0;511,2;506,5;551,2;
00:00:46,800;352,6;473,6;499,3;496,9;545,7;
00:00:46,850;355,8;473,5;499,6;506,5;553,3;
00:00:46,900;288,6;486,1;505,0;513,6;553,1;
00:00:46,950;356,2;477,1;491,8;506,6;543,9;
00:00:47,000;357,9;481,0;497,7;509,9;546,0;
00:00:47,050;359,6;484,8;503,5;513,2;548,0;
00:00:47,100;357,6;491,6;508,3;497,6;546,2;
00:00:47,150;356,1;486,5;507,1;498,9;548,3;
00:00:47,200;354,6;481,3;505,8;500,2;550,3;
00:00:47,250;217,3;495,1;521,0;506,6;555,7;
00:00:47,300;280,6;487,9;514,2;504,5;552,1;
00:00:47,350;343,8;480,7;507,4;502,4;548,5;
00:00:47,400;352,7;471,7;502,3;499,7;543,9;
00:00:47,450;363,5;476,9;499,8;506,6;549,5;
00:00:47,500;186,3;487,4;498,5;512,6;545,6;
00:00:47,550;366,1;482,7;494,0;515,0;539,9;
00:00:47,600;388,0;478,7;489,8;512,6;537,1;
00:00:47,650;365,1;483,4;503,2;516,5;544,9;
00:00:47,700;204,3;494,0;512,4;509,8;546,9;
00:00:47,750;346,4;484,9;504,9;493,6;544,3;
00:00:47,800;345,5;475,3;500,7;497,3;548,0;
00:00:47,850;346,5;480,3;508,6;502,1;552,4;
00:00:47,900;278,8;484,5;512,3;500,6;548,9;
00:00:47,950;334,6;468,1;496,8;499,3;539,3;
00:00:48,000;343,0;466,9;488,2;493,8;534,3;
00:00:48,050;351,4;465,6;479,6;488,2;529,3;
00:00:48,100;415,3;472,1;487,4;492,1;511,0;
00:00:48,150;398,9;446,3;484,1;495,4;508,7;
00:00:48,200;382,5;420,5;480,8;498,6;506,4;
00:00:48,250;165,6;454,5;474,5;481,2;486,1;
00:00:48,300;145,3;463,0;476,4;489,5;494,6;
00:00:48,350;125,0;471,4;478,3;497,8;503,1;
00:00:48,400;125,0;481,3;496,9;509,5;501,6;
00:00:48,450;125,0;498,3;496,4;491,6;490,8;
00:00:48,500;125,0;409,4;526,7;519,2;527,9;
00:00:48,550;125,0;135,7;194,9;454,2;503,1;
00:00:48,600;125,0;125,0;125,0;141,0;155,1;
00:00:48,650;125,0;125,0;125,0;136,0;127,3;
00:00:48,700;125,0;125,0;125,0;136,0;127,3;
00:00:48,750;125,0;125,0;125,0;136,0;127,3;
00:00:48,800;125,0;125,0;125,0;136,0;127,3;
00:00:48,850;125,0;125,0;125,0;136,0;127,3;
00:00:48,900;125,0;125,0;125,0;136,0;127,3;
00:00:48,950;125,0;125,0;125,0;136,0;127,3;
00:00:49,000;125,0;125,0;125,0;136,0;127,3;
00:00:49,050;125,0;125,0;125,0;136,0;127,3;
00:00:49,100;125,0;125,0;125,0;136,0;127,3;
00:00:49,150;125,0;125,0;125,0;136,0;127,3;
00:00:49,200;125,0;125,0;125,0;136,0;127,3;
00:00:49,250;125,0;125,0;125,0;136,0;127,3;
00:00:49,300;125,0;125,0;125,0;136,0;127,3;
00:00:49,350;125,0;125,0;125,0;136,0;127,3;
00:00:49,400;125,0;125,0;125,0;136,0;127,3;
00:00:49,450;125,0;125,0;125,0;136,0;127,3;
00:00:49,500;125,0;125,0;125,0;136,0;127,3;
00:00:49,550;125,0;125,0;125,0;136,0;127,3;
00:00:49,600;125,0;125,0;125,0;136,0;127,3;
00:00:49,650;125,0;125,0;125,0;136,0;127,3;
00:00:49,700;125,0;125,0;125,0;136,0;127,3;
00:00:49,750;370,5;507,7;518,3;538,1;563,5;
00:00:49,800;377,5;501,7;512,8;533,4;559,5;
00:00:49,850;380,0;512,8;526,3;542,8;563,8;
00:00:49,900;314,9;519,8;531,7;539,2;565,6;
00:00:49,950;382,1;518,4;540,4;530,7;563,8;
00:00:50,000;377,4;513,4;536,8;527,6;565,6;
00:00:50,050;372,6;508,4;533,1;524,5;567,3;
00:00:50,100;369,5;514,9;527,8;517,6;564,2;
00:00:50,150;373,5;511,4;527,6;523,4;565,1;
00:00:50,200;377,5;507,9;527,4;529,2;565,9;
00:00:50,250;370,2;520,2;529,9;544,5;569,8;
00:00:50,300;343,8;512,5;523,4;540,5;564,6;
00:00:50,350;317,4;504,7;516,9;536,4;559,4;
00:00:50,400;384,6;496,4;514,4;536,2;558,7;
00:00:50,450;382,5;509,5;523,2;538,0;559,4;
00:00:50,500;170,0;518,9;527,2;534,4;559,7;
00:00:50,550;374,7;515,3;530,4;535,5;559,2;
00:00:50,600;380,7;511,5;534,5;528,0;561,3;
00:00:50,650;370,4;502,9;531,0;521,8;564,3;
00:00:50,700;297,4;513,4;536,6;531,0;569,1;
00:00:50,750;344,2;508,1;525,5;518,5;562,6;
00:00:50,800;374,0;504,4;525,4;528,8;562,3;
00:00:50,850;375,5;494,1;512,7;525,2;558,7;
00:00:50,900;282,9;508,3;520,1;535,5;563,6;
00:00:50,950;369,6;494,8;513,5;534,2;557,5;
00:00:51,000;370,4;497,0;513,4;532,7;556,0;
00:00:51,050;371,1;499,2;513,2;531,2;554,4;
00:00:51,100;308,4;507,0;518,8;526,8;555,3;
00:00:51,150;345,0;509,6;526,1;528,8;556,9;
00:00:51,200;381,5;512,1;533,3;530,7;558,4;
00:00:51,250;367,2;505,5;531,8;524,8;564,1;
00:00:51,300;319,8;508,5;528,4;520,3;561,5;
00:00:51,350;272,4;511,4;524,9;515,7;558,9;
00:00:51,400;369,5;505,2;526,6;524,5;562,8;
00:00:51,450;372,8;493,5;513,5;526,3;557,7;
00:00:51,500;343,0;511,8;522,8;537,5;563,4;
00:00:51,550;291,3;497,5;505,1;524,8;554,6;
00:00:51,600;368,8;492,8;509,5;529,5;552,1;
00:00:51,650;372,7;494,2;507,7;526,7;550,9;
00:00:51,700;377,8;511,0;526,8;537,0;557,4;
00:00:51,750;274,8;509,1;522,7;529,0;553,3;
00:00:51,800;375,3;509,1;532,6;529,8;556,0;
00:00:51,850;374,7;500,2;524,6;517,0;555,5;
00:00:51,900;335,4;502,9;529,4;522,6;560,4;
00:00:51,950;367,0;504,6;523,6;518,4;558,2;
00:00:52,000;370,1;498,6;518,8;520,2;556,1;
00:00:52,050;373,1;492,5;514,0;521,9;554,0;
00:00:52,100;194,6;503,4;510,9;529,3;553,5;
00:00:52,150;283,7;498,3;510,7;528,5;550,8;
00:00:52,200;372,7;493,1;510,4;527,6;548,0;
00:00:52,250;371,8;499,0;516,0;531,0;550,3;
00:00:52,300;336,0;502,7;518,2;529,1;550,9;
00:00:52,350;300,2;506,4;520,4;527,2;551,5;
00:00:52,400;367,8;505,2;527,2;529,2;553,1;
00:00:52,450;354,5;494,7;519,1;513,7;553,7;
00:00:52,500;250,8;498,4;518,9;520,0;558,3;
00:00:52,550;310,1;498,1;506,6;505,3;549,2;
00:00:52,600;354,2;496,6;513,8;513,0;554,0;
00:00:52,650;351,3;484,1;502,0;513,3;549,2;
00:00:52,700;347,7;486,0;504,8;523,0;555,7;
00:00:52,750;265,0;498,1;501,8;519,2;551,0;
00:00:52,800;353,7;482,5;497,1;522,8;548,6;
00:00:52,850;349,1;479,5;488,4;514,5;544,4;
00:00:52,900;295,8;496,5;507,2;524,9;550,6;
00:00:52,950;352,2;498,4;515,6;523,2;551,7;
00:00:53,000;350,9;495,8;515,5;518,1;550,9;
00:00:53,050;349,6;493,2;515,4;513,0;550,1;
00:00:53,100;198,8;500,2;522,8;518,6;556,0;
00:00:53,150;271,2;497,8;517,5;513,4;553,7;
00:00:53,200;343,6;495,4;512,1;508,2;551,3;
00:00:53,250;351,4;479,3;497,6;512,4;547,1;
00:00:53,300;319,2;485,0;500,5;516,8;549,5;
00:00:53,350;286,9;490,7;503,3;521,1;551,8;
00:00:53,400;344,9;487,6;499,1;519,0;543,3;
00:00:53,450;343,0;478,0;491,9;515,0;542,8;
00:00:53,500;338,8;495,2;509,6;525,2;548,7;
00:00:53,550;159,2;502,5;512,5;521,6;548,7;
00:00:53,600;351,8;497,0;515,4;518,9;545,5;
00:00:53,650;363,2;494,5;519,4;512,6;546,7;
00:00:53,700;364,4;486,2;515,9;507,6;547,1;
00:00:53,750;273,6;496,2;516,9;510,1;548,4;
00:00:53,800;354,9;494,8;512,2;505,8;545,0;
00:00:53,850;348,6;489,2;512,5;513,6;549,7;
00:00:53,900;341,4;479,5;498,8;513,5;546,5;
00:00:53,950;334,4;486,2;491,7;508,7;539,8;
00:00:54,000;342,7;481,9;493,8;512,7;539,9;
00:00:54,050;350,9;477,5;495,8;516,6;540,0;
00:00:54,100;322,9;498,6;515,1;524,9;547,7;
00:00:54,150;315,1;493,9;510,9;520,3;545,5;
00:00:54,200;307,3;489,1;506,6;515,6;543,3;
00:00:54,250;355,7;483,4;510,3;504,2;544,3;
00:00:54,300;324,3;487,2;514,3;508,4;546,2;
00:00:54,350;292,8;490,9;518,3;512,6;548,1;
00:00:54,400;329,1;488,9;503,4;498,1;543,1;
00:00:54,450;339,3;481,6;499,6;506,5;544,3;
00:00:54,500;339,1;472,6;482,5;506,8;540,9;
00:00:54,550;164,5;491,4;496,4;515,9;547,2;
00:00:54,600;343,0;480,3;483,4;507,4;537,0;
00:00:54,650;337,9;469,1;484,5;511,9;539,1;
00:00:54,700;337,0;474,2;485,0;507,0;533,9;
00:00:54,750;255,6;492,8;507,2;518,4;542,9;
00:00:54,800;338,0;489,5;505,9;512,2;538,6;
00:00:54,850;342,8;490,6;513,4;515,9;542,8;
00:00:54,900;336,1;479,2;504,3;503,4;542,0;
00:00:54,950;273,8;481,6;489,1;494,2;536,3;
00:00:55,000;301,8;481,3;490,8;498,0;536,6;
00:00:55,050;329,7;481,0;492,4;501,7;536,8;
00:00:55,100;394,7;454,2;470,7;498,8;519,8;
00:00:55,150;399,4;449,7;480,3;500,2;516,7;
00:00:55,200;404,0;445,2;489,9;501,6;513,6;
00:00:55,250;448,7;434,4;478,3;487,7;510,6;
00:00:55,300;296,6;446,2;476,6;484,3;504,9;
00:00:55,350;144,5;458,0;474,8;480,8;499,1;
00:00:55,400;125,0;473,1;476,5;485,9;501,8;
00:00:55,450;125,0;478,3;485,3;507,2;513,9;
00:00:55,500;125,0;498,8;506,0;511,9;509,5;
00:00:55,550;125,0;519,4;515,6;508,9;513,0;
00:00:55,600;125,0;142,2;249,8;386,6;491,1;
00:00:55,650;125,0;125,0;130,2;133,2;151,5;
00:00:55,700;125,0;125,0;125,0;131,7;139,9;
00:00:55,750;125,0;125,0;125,0;126,0;175,3;
00:00:55,800;126,2;125,0;125,0;125,0;125,0;
00:00:55,850;430,8;125,0;125,0;125,0;125,0;
00:00:55,900;556,6;125,0;125,0;125,0;125,0;
00:00:55,950;534,9;137,7;125,0;125,0;125,0;
00:00:56,000;524,9;338,4;238,2;125,5;125,0;
00:00:56,050;514,8;539,0;351,3;126,0;125,0;
00:00:56,100;337,4;577,8;570,0;540,6;125,0;
00:00:56,150;328,0;565,6;570,2;553,0;291,5;
00:00:56,200;318,6;553,3;570,3;565,4;457,9;
00:00:56,250;539,2;538,0;531,6;568,4;567,4;
00:00:56,300;511,2;539,7;532,5;564,1;565,0;
00:00:56,350;483,2;541,4;533,4;559,7;562,6;
00:00:56,400;435,5;525,4;537,7;544,0;563,3;
00:00:56,450;310,0;526,0;551,4;535,4;561,5;
00:00:56,500;390,3;516,4;535,8;528,9;555,9;
00:00:56,550;389,6;519,9;536,7;538,3;558,6;
00:00:56,600;389,0;522,1;535,9;556,5;572,5;
00:00:56,650;394,3;528,3;538,1;562,7;574,9;
00:00:56,700;188,5;518,8;517,5;544,6;568,3;
00:00:56,750;387,0;521,3;527,3;549,6;573,6;
00:00:56,800;385,0;512,6;532,2;549,3;575,1;
00:00:56,850;386,6;520,5;539,3;543,0;569,7;
00:00:56,900;288,7;521,2;540,3;528,2;562,6;
00:00:56,950;384,2;504,8;534,9;528,2;560,4;
00:00:57,000;380,5;509,1;539,7;528,3;559,3;
00:00:57,050;376,7;513,3;544,5;528,3;558,1;
00:00:57,100;383,0;513,4;533,8;528,8;552,8;
00:00:57,150;384,4;515,0;533,2;538,3;559,4;
00:00:57,200;385,8;516,5;532,5;547,8;565,9;
00:00:57,250;220,9;523,6;527,2;548,8;566,5;
00:00:57,300;296,9;521,1;524,9;546,0;566,2;
00:00:57,350;372,8;518,6;522,6;543,1;565,9;
00:00:57,400;378,5;507,9;524,2;543,5;569,3;
00:00:57,450;371,1;517,1;535,7;540,1;566,8;
00:00:57,500;294,0;507,1;526,3;518,8;555,7;
00:00:57,550;380,6;511,9;538,7;527,8;557,3;
00:00:57,600;379,7;501,8;532,0;526,6;555,3;
00:00:57,650;378,2;509,3;540,8;523,4;551,8;
00:00:57,700;177,3;513,4;542,9;524,7;549,7;
00:00:57,750;376,0;510,3;528,9;526,3;548,4;
00:00:57,800;381,3;511,3;528,5;545,5;563,0;
00:00:57,850;384,5;518,1;532,3;555,9;570,1;
00:00:57,900;291,4;514,8;521,9;546,6;565,2;
00:00:57,950;382,0;511,2;521,9;542,2;567,6;
00:00:58,000;380,6;510,3;526,5;541,7;567,7;
00:00:58,050;379,2;509,4;531,0;541,1;567,8;
00:00:58,100;371,0;508,9;530,8;520,0;550,7;
00:00:58,150;373,5;504,2;529,4;522,4;551,0;
00:00:58,200;375,9;499,5;527,9;524,7;551,2;
00:00:58,250;342,9;511,0;542,3;525,5;550,8;
00:00:58,300;334,6;508,1;535,0;522,2;548,1;
00:00:58,350;326,3;505,2;527,6;518,9;545,4;
00:00:58,400;378,2;509,6;527,8;535,8;553,5;
00:00:58,450;385,9;514,3;529,7;551,8;566,7;
00:00:58,500;290,9;517,1;524,3;545,2;562,7;
00:00:58,550;346,9;513,8;516,2;537,6;561,4;
00:00:58,600;371,6;506,2;519,5;539,0;563,3;
00:00:58,650;369,2;504,6;523,3;537,0;559,6;
00:00:58,700;196,5;513,8;529,2;527,8;552,5;
00:00:58,750;370,1;501,3;518,4;518,4;541,0;
00:00:58,800;376,7;493,0;516,0;523,0;541,6;
00:00:58,850;374,3;494,5;520,5;518,6;544,4;
00:00:58,900;276,4;505,1;535,4;518,7;545,0;
00:00:58,950;371,2;505,0;521,7;526,9;543,2;
00:00:59,000;371,6;505,9;522,1;535,7;550,2;
00:00:59,050;371,9;506,7;522,4;544,4;557,2;
00:00:59,100;343,3;504,6;504,3;528,2;550,7;
00:00:59,150;355,1;504,9;509,9;531,6;553,7;
00:00:59,200;366,9;505,1;515,4;535,0;556,6;
00:00:59,250;372,3;507,4;529,2;532,9;558,0;
00:00:59,300;332,0;508,3;529,8;526,3;555,5;
00:00:59,350;291,7;509,1;530,3;519,7;553,0;
00:00:59,400;373,5;499,5;531,6;522,8;551,5;
00:00:59,450;370,2;493,0;526,3;515,7;548,5;
00:00:59,500;325,4;503,4;536,7;518,8;545,2;
00:00:59,550;321,9;489,4;514,7;506,2;535,2;
00:00:59,600;364,5;498,8;516,2;523,7;539,9;
00:00:59,650;365,6;500,8;517,4;542,2;556,3;
00:00:59,700;367,8;507,3;522,5;544,9;556,5;
00:00:59,750;270,1;507,1;510,7;530,9;550,0;
00:00:59,800;361,6;501,1;511,0;530,8;552,7;
00:00:59,850;361,0;491,5;510,1;531,7;554,5;
00:00:59,900;277,0;502,0;518,7;525,7;547,1;
00:00:59,950;361,0;495,2;518,0;518,0;537,2;
00:01:00,000;360,8;490,1;515,2;516,0;537,2;
00:01:00,050;360,6;485,0;512,4;514,0;537,1;
00:01:00,100;238,8;496,6;523,4;511,5;532,6;
00:01:00,150;299,4;495,8;517,7;513,3;532,3;
00:01:00,200;359,9;495,0;512,0;515,1;532,0;
00:01:00,250;362,2;501,5;518,4;541,7;552,8;
00:01:00,300;328,4;500,5;513,2;536,3;550,7;
00:01:00,350;294,5;499,5;507,9;530,8;548,6;
00:01:00,400;357,2;500,8;509,7;529,6;549,9;
00:01:00,450;356,7;491,7;509,4;529,3;551,9;
00:01:00,500;354,6;498,2;519,5;523,3;548,0;
00:01:00,550;354,6;498,2;519,5;523,3;548,0;
00:01:00,600;354,6;498,2;519,5;523,3;548,0;
00:01:00,650;354,6;498,2;519,5;523,3;548,0;
00:01:00,700;354,6;498,2;519,5;523,3;548,0;
00:01:00,750;354,6;498,2;519,5;523,3;548,0;
00:01:00,800;354,6;498,2;519,5;523,3;548,0;
00:01:00,850;354,6;498,2;519,5;523,3;548,0;
00:01:00,900;354,6;498,2;519,5;523,3;548,0;
00:01:00,950;354,6;498,2;519,5;523,3;548,0;
00:01:01,000;354,6;498,2;519,5;523,3;548,0;
00:01:01,050;354,6;498,2;519,5;523,3;548,0;
00:01:01,100;354,6;498,2;519,5;523,3;548,0;
00:01:01,150;354,6;498,2;519,5;523,3;548,0;
00:01:01,200;354,6;498,2;519,5;523,3;548,0;
00:01:01,250;354,6;498,2;519,5;523,3;548,0;
00:01:01,300;354,6;498,2;519,5;523,3;548,0;
00:01:01,350;354,6;498,2;519,5;523,3;548,0;
00:01:01,400;354,6;498,2;519,5;523,3;548,0;
00:01:01,450;354,6;498,2;519,5;523,3;548,0;
00:01:01,500;354,6;498,2;519,5;523,3;548,0;
00:01:01,550;354,6;498,2;519,5;523,3;548,0;
00:01:01,600;354,6;498,2;519,5;523,3;548,0;
00:01:01,650;350,6;486,8;502,0;524,0;546,2;
00:01:01,700;352,1;484,7;507,2;526,7;548,0;
00:01:01,750;293,8;495,6;514,1;514,2;538,4;
00:01:01,800;350,5;489,5;514,0;508,4;531,7;
00:01:01,850;352,5;480,8;509,6;513,7;532,4;
00:01:01,900;351,9;479,4;510,3;505,5;532,1;
00:01:01,950;314,2;476,2;498,9;495,3;520,4;
00:01:02,000;330,0;481,6;500,4;504,4;522,6;
00:01:02,050;345,7;487,0;501,8;513,5;524,8;
00:01:02,100;351,9;486,1;499,7;527,3;534,7;
00:01:02,150;366,1;480,6;498,2;517,9;529,9;
00:01:02,200;380,2;475,0;496,7;508,4;525,1;
00:01:02,250;463,8;472,1;489,5;501,5;515,2;
00:01:02,300;347,2;466,9;484,0;498,2;514,4;
00:01:02,350;230,5;461,6;478,5;494,8;513,5;
00:01:02,400;127,0;470,3;478,1;496,5;518,9;
00:01:02,450;125,8;486,0;490,6;506,5;517,2;
00:01:02,500;125,2;506,4;510,2;515,0;501,7;
00:01:02,550;125,0;502,7;501,6;497,6;505,5;
00:01:02,600;125,7;327,7;375,5;496,2;514,5;
00:01:02,650;125,2;127,5;134,4;153,4;205,5;
00:01:02,700;126,2;127,0;126,0;136,6;138,7;
00:01:02,750;126,2;125,8;125,0;128,1;140,9;
00:01:02,800;129,7;126,2;125,0;125,2;125,2;
00:01:02,850;257,7;125,2;125,4;125,0;125,0;
00:01:02,900;543,9;125,7;125,0;125,0;125,0;
00:01:02,950;539,0;149,4;125,0;125,2;125,0;
00:01:03,000;535,9;315,4;184,3;125,1;125,0;
00:01:03,050;532,8;481,4;243,6;125,0;125,0;
00:01:03,100;487,2;560,9;563,5;467,5;125,0;
00:01:03,150;432,2;556,6;561,8;507,2;233,9;
00:01:03,200;377,2;552,3;560,1;546,8;342,7;
00:01:03,250;416,4;536,1;538,6;562,4;554,2;
00:01:03,300;458,5;535,7;530,6;562,7;556,8;
00:01:03,350;500,6;535,3;522,6;563,0;559,4;
00:01:03,400;203,9;524,9;538,1;553,5;569,4;
00:01:03,450;450,6;515,7;531,7;544,2;576,4;
00:01:03,500;425,1;526,7;535,6;553,6;586,7;
00:01:03,550;404,9;520,3;528,2;554,2;586,7;
00:01:03,600;366,7;524,9;530,2;547,1;581,1;
00:01:03,650;251,3;523,4;527,9;527,3;567,7;
00:01:03,700;381,4;520,7;535,8;533,5;570,9;
00:01:03,750;382,1;511,0;534,5;531,7;568,3;
00:01:03,800;378,5;517,8;545,4;531,6;567,1;
00:01:03,850;187,7;517,2;545,3;532,6;564,3;
00:01:03,900;382,1;505,7;531,1;524,4;557,8;
00:01:03,950;382,6;502,6;528,4;522,5;564,8;
00:01:04,000;340,3;508,9;527,5;527,5;566,7;
00:01:04,050;340,3;508,9;527,5;527,5;566,7;
00:01:04,100;395,0;516,6;525,3;549,6;583,0;
00:01:04,150;359,1;515,4;522,9;544,9;578,3;
00:01:04,200;323,1;514,2;520,4;540,1;573,6;
00:01:04,250;392,3;515,4;526,0;527,5;563,0;
00:01:04,300;392,3;515,4;526,0;527,5;563,0;
00:01:04,350;382,4;507,9;527,6;529,1;563,3;
00:01:04,400;380,8;511,1;541,4;528,4;565,3;
00:01:04,450;277,4;513,4;541,8;528,3;562,5;
00:01:04,500;392,3;510,1;538,1;527,0;560,7;
00:01:04,550;392,3;510,1;538,1;527,0;560,7;
00:01:04,600;368,1;504,9;532,9;529,8;566,4;
00:01:04,650;356,3;506,5;523,5;531,4;567,7;
00:01:04,700;387,4;513,9;529,1;543,3;577,0;
00:01:04,750;377,9;515,3;529,4;553,6;583,3;
---------------------------------
End of File
